Date,Open,High,Low,Close,Adj Close,Volume,stock_name
2013-07-19,26.5,28.450000762939453,26.1200008392334,27.700000762939453,27.700000762939453,8974619,SALE
2013-07-22,27.89999961853028,29.32900047302246,26.850000381469727,28.89999961853028,28.89999961853028,869173,SALE
2013-07-23,29.25,29.600000381469727,27.700000762939453,27.850000381469727,27.850000381469727,656293,SALE
2013-07-24,27.75,28.65999984741211,27.75,28.100000381469727,28.100000381469727,298402,SALE
2013-07-25,28.100000381469727,28.100000381469727,27.0,27.049999237060547,27.049999237060547,440243,SALE
2013-07-26,27.049999237060547,27.729999542236328,26.520000457763672,27.57999992370605,27.57999992370605,220725,SALE
2013-07-29,27.25,28.299999237060547,27.01000022888184,27.84000015258789,27.84000015258789,198635,SALE
2013-07-30,28.0,28.489999771118164,27.6299991607666,28.43000030517578,28.43000030517578,164995,SALE
2013-07-31,28.71999931335449,29.420000076293945,27.93000030517578,28.450000762939453,28.450000762939453,267666,SALE
2013-08-01,28.1200008392334,29.0,28.0,29.0,29.0,382738,SALE
2013-08-02,29.0,29.309999465942383,28.71999931335449,28.790000915527344,28.790000915527344,67778,SALE
2013-08-05,29.0,30.950000762939453,28.88500022888184,30.450000762939453,30.450000762939453,291638,SALE
2013-08-06,30.450000762939453,30.850000381469727,29.770000457763672,30.209999084472656,30.209999084472656,206162,SALE
2013-08-07,30.209999084472656,30.270000457763672,28.6200008392334,29.700000762939453,29.700000762939453,379328,SALE
2013-08-08,30.229999542236328,31.670000076293945,30.0,31.5,31.5,340539,SALE
2013-08-09,31.700000762939453,31.8799991607666,30.5,31.09000015258789,31.09000015258789,101340,SALE
2013-08-12,31.64999961853028,32.437400817871094,31.5,32.279998779296875,32.279998779296875,228344,SALE
2013-08-13,32.529998779296875,33.20000076293945,32.0,32.77000045776367,32.77000045776367,404165,SALE
2013-08-14,32.9900016784668,32.9900016784668,32.130001068115234,32.40999984741211,32.40999984741211,166813,SALE
2013-08-15,32.709999084472656,32.89500045776367,31.58099937438965,32.2599983215332,32.2599983215332,188261,SALE
2013-08-16,31.81999969482422,33.650001525878906,31.049999237060547,32.75,32.75,325785,SALE
2013-08-19,32.650001525878906,32.69499969482422,29.61000061035156,30.07999992370605,30.07999992370605,344999,SALE
2013-08-20,29.979999542236328,30.479999542236328,29.049999237060547,30.06999969482422,30.06999969482422,254774,SALE
2013-08-21,30.100000381469727,30.92989921569824,29.549999237060547,29.989999771118164,29.989999771118164,171121,SALE
2013-08-22,30.540000915527344,31.86000061035156,29.815000534057617,29.93000030517578,29.93000030517578,203251,SALE
2013-08-23,30.5,31.790000915527344,29.520000457763672,29.729999542236328,29.729999542236328,338976,SALE
2013-08-26,29.61000061035156,30.940000534057617,29.61000061035156,30.68000030517578,30.68000030517578,143355,SALE
2013-08-27,30.25,30.709999084472656,29.56999969482422,29.940000534057617,29.940000534057617,261664,SALE
2013-08-28,29.6299991607666,29.739999771118164,29.049999237060547,29.57999992370605,29.57999992370605,131843,SALE
2013-08-29,30.89999961853028,32.400001525878906,30.229999542236328,31.96999931335449,31.96999931335449,282809,SALE
2013-08-30,32.95000076293945,33.29990005493164,31.530000686645508,31.959999084472656,31.959999084472656,210345,SALE
2013-09-03,32.88999938964844,33.650001525878906,32.0,33.400001525878906,33.400001525878906,218385,SALE
2013-09-04,33.56999969482422,35.47999954223633,33.03960037231445,35.29999923706055,35.29999923706055,398281,SALE
2013-09-05,35.619998931884766,37.400001525878906,35.154998779296875,36.59999847412109,36.59999847412109,498137,SALE
2013-09-06,37.150001525878906,37.45000076293945,34.540000915527344,34.70000076293945,34.70000076293945,268049,SALE
2013-09-09,35.09000015258789,35.97999954223633,34.250999450683594,34.5,34.5,149420,SALE
2013-09-10,35.0,35.189998626708984,33.5,33.97999954223633,33.97999954223633,207663,SALE
2013-09-11,33.5,33.6349983215332,32.369998931884766,32.61000061035156,32.61000061035156,364462,SALE
2013-09-12,32.63999938964844,33.75,32.25,32.75,32.75,260011,SALE
2013-09-13,33.0,34.900001525878906,32.970001220703125,33.470001220703125,33.470001220703125,551561,SALE
2013-09-16,34.08000183105469,34.16999816894531,32.939998626708984,33.959999084472656,33.959999084472656,186854,SALE
2013-09-17,34.20000076293945,34.3849983215332,33.209999084472656,33.849998474121094,33.849998474121094,211425,SALE
2013-09-18,34.040000915527344,35.959999084472656,33.70000076293945,35.65999984741211,35.65999984741211,238101,SALE
2013-09-19,35.97999954223633,36.150001525878906,34.279998779296875,36.0,36.0,292762,SALE
2013-09-20,36.040000915527344,37.88999938964844,35.67100143432617,36.0,36.0,718125,SALE
2013-09-23,36.0099983215332,37.11000061035156,35.709999084472656,37.007999420166016,37.007999420166016,330015,SALE
2013-09-24,37.16999816894531,39.09749984741211,36.42890167236328,38.959999084472656,38.959999084472656,363421,SALE
2013-09-25,39.25,39.5,37.52099990844727,38.540000915527344,38.540000915527344,725305,SALE
2013-09-26,38.560001373291016,39.20000076293945,36.58000183105469,36.900001525878906,36.900001525878906,228900,SALE
2013-09-27,36.56999969482422,37.0099983215332,35.650001525878906,35.90999984741211,35.90999984741211,209585,SALE
2013-09-30,35.7400016784668,36.04999923706055,35.0099983215332,35.56999969482422,35.56999969482422,1466420,SALE
2013-10-01,35.650001525878906,36.29840087890625,34.36000061035156,34.45000076293945,34.45000076293945,222720,SALE
2013-10-02,34.400001525878906,34.941001892089844,33.720001220703125,34.2400016784668,34.2400016784668,221991,SALE
2013-10-03,34.310001373291016,34.400001525878906,33.130001068115234,33.310001373291016,33.310001373291016,356216,SALE
2013-10-04,33.22999954223633,36.0,33.00600051879883,35.310001373291016,35.310001373291016,441387,SALE
2013-10-07,34.880001068115234,35.132999420166016,34.38100051879883,34.66999816894531,34.66999816894531,144101,SALE
2013-10-08,34.599998474121094,34.93000030517578,33.1609992980957,34.0,34.0,332387,SALE
2013-10-09,33.959999084472656,33.959999084472656,32.619998931884766,32.790000915527344,32.790000915527344,157048,SALE
2013-10-10,33.13999938964844,35.25,33.13999938964844,34.7400016784668,34.7400016784668,171068,SALE
2013-10-11,34.790000915527344,35.49250030517578,33.970001220703125,34.150001525878906,34.150001525878906,127094,SALE
2013-10-14,33.880001068115234,34.900001525878906,33.4901008605957,34.5,34.5,110160,SALE
2013-10-15,34.45000076293945,34.73249816894531,33.7400016784668,34.11000061035156,34.11000061035156,107589,SALE
2013-10-16,34.220001220703125,35.57899856567383,33.87099838256836,34.20199966430664,34.20199966430664,182204,SALE
2013-10-17,34.02000045776367,34.45069885253906,33.09000015258789,34.040000915527344,34.040000915527344,150616,SALE
2013-10-18,34.33000183105469,35.04999923706055,33.459999084472656,33.900001525878906,33.900001525878906,161038,SALE
2013-10-21,34.02000045776367,34.769901275634766,34.02000045776367,34.560001373291016,34.560001373291016,75062,SALE
2013-10-22,34.599998474121094,34.87990188598633,33.04999923706055,33.94599914550781,33.94599914550781,184825,SALE
2013-10-23,33.59000015258789,34.47999954223633,33.2400016784668,34.310001373291016,34.310001373291016,67754,SALE
2013-10-24,34.33000183105469,35.20000076293945,33.639400482177734,35.0,35.0,80235,SALE
2013-10-25,35.0,35.5,34.70000076293945,35.349998474121094,35.349998474121094,74384,SALE
2013-10-28,35.38999938964844,35.38999938964844,33.59000015258789,33.77000045776367,33.77000045776367,96421,SALE
2013-10-29,33.75,34.08000183105469,32.88240051269531,34.02000045776367,34.02000045776367,168114,SALE
2013-10-30,33.939998626708984,34.03499984741211,33.130001068115234,33.31999969482422,33.31999969482422,124145,SALE
2013-10-31,33.369998931884766,33.99800109863281,32.36000061035156,32.619998931884766,32.619998931884766,186774,SALE
2013-11-01,32.52000045776367,33.36000061035156,32.11000061035156,32.380001068115234,32.380001068115234,134105,SALE
2013-11-04,32.400001525878906,33.249000549316406,32.400001525878906,32.737998962402344,32.737998962402344,119953,SALE
2013-11-05,31.850000381469727,32.40999984741211,31.014799118041992,32.13999938964844,32.13999938964844,410313,SALE
2013-11-06,33.310001373291016,34.77000045776367,31.25,32.90999984741211,32.90999984741211,561767,SALE
2013-11-07,33.130001068115234,33.189998626708984,31.420000076293945,31.5,31.5,208792,SALE
2013-11-08,31.61000061035156,31.81599998474121,30.114999771118164,30.82999992370605,30.82999992370605,273664,SALE
2013-11-11,30.700000762939453,31.71999931335449,30.02009963989257,31.520000457763672,31.520000457763672,130097,SALE
2013-11-12,31.3799991607666,31.81999969482422,30.76749992370605,31.75,31.75,127133,SALE
2013-11-13,31.65999984741211,32.119998931884766,31.51000022888184,32.08000183105469,32.08000183105469,131146,SALE
2013-11-14,32.02000045776367,33.61000061035156,32.02000045776367,32.599998474121094,32.599998474121094,257285,SALE
2013-11-15,32.650001525878906,33.11000061035156,32.31999969482422,32.439998626708984,32.439998626708984,254196,SALE
2013-11-18,32.470001220703125,32.90999984741211,32.31999969482422,32.619998931884766,32.619998931884766,161379,SALE
2013-11-19,32.880001068115234,32.97999954223633,31.5,31.65999984741211,31.65999984741211,71771,SALE
2013-11-20,31.5,31.5,30.239999771118164,30.670000076293945,30.670000076293945,301244,SALE
2013-11-21,30.670000076293945,31.799999237060547,30.5,31.1299991607666,31.1299991607666,184695,SALE
2013-11-22,31.209999084472656,31.43000030517578,30.739999771118164,30.88999938964844,30.88999938964844,93488,SALE
2013-11-25,30.979999542236328,31.198999404907227,29.64999961853028,29.790000915527344,29.790000915527344,236636,SALE
2013-11-26,29.75,30.0,28.700000762939453,29.100000381469727,29.100000381469727,581932,SALE
2013-11-27,29.020000457763672,29.23500061035156,27.76000022888184,28.309999465942383,28.309999465942383,554972,SALE
2013-11-29,28.709999084472656,28.88999938964844,28.290000915527344,28.670000076293945,28.670000076293945,45114,SALE
2013-12-02,29.18000030517578,30.549999237060547,29.0,30.450000762939453,30.450000762939453,347267,SALE
2013-12-03,29.34000015258789,30.11000061035156,27.600000381469727,27.8700008392334,27.8700008392334,733387,SALE
2013-12-04,27.8799991607666,28.21999931335449,26.6299991607666,26.8799991607666,26.8799991607666,564480,SALE
2013-12-05,26.809999465942383,27.11000061035156,26.239999771118164,26.39999961853028,26.39999961853028,443499,SALE
2013-12-06,26.63999938964844,28.290000915527344,26.63999938964844,27.75,27.75,247579,SALE
2013-12-09,27.75,27.75,26.100000381469727,26.39999961853028,26.39999961853028,605576,SALE
2013-12-10,26.549999237060547,26.690000534057617,26.0,26.56999969482422,26.56999969482422,591751,SALE
2013-12-11,26.559999465942383,28.1200008392334,26.3700008392334,26.93000030517578,26.93000030517578,743441,SALE
2013-12-12,26.51000022888184,27.229999542236328,25.81999969482422,26.31999969482422,26.31999969482422,3733588,SALE
2013-12-13,26.299999237060547,26.450000762939453,25.51000022888184,25.90999984741211,25.90999984741211,904874,SALE
2013-12-16,26.0,26.790000915527344,25.68000030517578,26.350000381469727,26.350000381469727,472823,SALE
2013-12-17,26.31999969482422,27.239999771118164,25.979999542236328,26.90999984741211,26.90999984741211,473701,SALE
2013-12-18,27.030000686645508,28.239999771118164,26.5900993347168,28.09000015258789,28.09000015258789,771721,SALE
2013-12-19,27.96999931335449,28.65999984741211,27.55010032653809,28.6299991607666,28.6299991607666,405767,SALE
2013-12-20,28.809999465942383,28.989999771118164,28.26000022888184,28.729999542236328,28.729999542236328,1021589,SALE
2013-12-23,28.84000015258789,29.6200008392334,28.80010032653809,29.059999465942383,29.059999465942383,460280,SALE
2013-12-24,29.0,30.1299991607666,29.0,29.600000381469727,29.600000381469727,409096,SALE
2013-12-26,29.6200008392334,30.63999938964844,29.600000381469727,30.5,30.5,878025,SALE
2013-12-27,30.57999992370605,30.600000381469727,28.21999931335449,28.51000022888184,28.51000022888184,471131,SALE
2013-12-30,28.25,28.5,27.600000381469727,28.229999542236328,28.229999542236328,456565,SALE
2013-12-31,28.21999931335449,29.15080070495605,28.11000061035156,28.790000915527344,28.790000915527344,259676,SALE
2014-01-02,29.07999992370605,29.229999542236328,28.01000022888184,28.40999984741211,28.40999984741211,309941,SALE
2014-01-03,28.600000381469727,28.93000030517578,28.100000381469727,28.799999237060547,28.799999237060547,301589,SALE
2014-01-06,29.81999969482422,31.06999969482422,29.450000762939453,31.01000022888184,31.01000022888184,1001487,SALE
2014-01-07,31.309999465942383,32.349998474121094,30.799999237060547,32.25,32.25,644041,SALE
2014-01-08,32.11000061035156,32.790000915527344,31.927000045776367,32.22999954223633,32.22999954223633,668131,SALE
2014-01-09,32.189998626708984,32.75,31.030000686645508,32.689998626708984,32.689998626708984,617520,SALE
2014-01-10,32.54999923706055,33.11000061035156,32.140098571777344,32.75,32.75,672665,SALE
2014-01-13,32.75,32.810001373291016,30.21999931335449,30.84000015258789,30.84000015258789,824632,SALE
2014-01-14,31.059999465942383,31.934999465942383,30.82999992370605,31.040000915527344,31.040000915527344,495959,SALE
2014-01-15,31.26000022888184,32.810001373291016,31.09000015258789,31.989999771118164,31.989999771118164,800022,SALE
2014-01-16,32.029998779296875,32.86000061035156,32.0,32.599998474121094,32.599998474121094,492518,SALE
2014-01-17,32.27000045776367,32.66999816894531,31.600000381469727,32.58000183105469,32.58000183105469,418315,SALE
2014-01-21,32.7599983215332,33.22999954223633,32.62149810791016,32.939998626708984,32.939998626708984,619064,SALE
2014-01-22,33.029998779296875,33.65999984741211,32.82500076293945,33.58000183105469,33.58000183105469,669227,SALE
2014-01-23,33.290000915527344,34.0,33.04999923706055,33.52000045776367,33.52000045776367,511302,SALE
2014-01-24,33.220001220703125,33.7400016784668,32.150001525878906,32.900001525878906,32.900001525878906,643982,SALE
2014-01-27,35.20000076293945,35.20000076293945,32.599998474121094,34.0099983215332,34.0099983215332,914198,SALE
2014-01-28,34.33000183105469,34.970001220703125,33.5099983215332,34.779998779296875,34.779998779296875,703483,SALE
2014-01-29,34.4900016784668,34.4900016784668,33.75,34.11000061035156,34.11000061035156,793729,SALE
2014-01-30,34.619998931884766,35.91999816894531,34.619998931884766,35.540000915527344,35.540000915527344,639793,SALE
2014-01-31,34.95000076293945,35.91999816894531,34.29999923706055,35.40999984741211,35.40999984741211,801204,SALE
2014-02-03,35.4900016784668,35.5,33.0099983215332,33.16999816894531,33.16999816894531,677756,SALE
2014-02-04,33.310001373291016,34.310001373291016,33.310001373291016,34.119998931884766,34.119998931884766,829671,SALE
2014-02-05,34.400001525878906,34.66999816894531,33.619998931884766,34.08000183105469,34.08000183105469,691426,SALE
2014-02-06,37.0,39.380001068115234,36.45000076293945,37.27000045776367,37.27000045776367,2598320,SALE
2014-02-07,37.290000915527344,38.95000076293945,36.900001525878906,38.54499816894531,38.54499816894531,2587917,SALE
2014-02-10,40.0,41.79999923706055,39.369998931884766,41.33000183105469,41.33000183105469,2702450,SALE
2014-02-11,40.06999969482422,42.0,38.369998931884766,40.86000061035156,40.86000061035156,2907099,SALE
2014-02-12,41.9900016784668,43.59999847412109,40.900001525878906,42.310001373291016,42.310001373291016,1741628,SALE
2014-02-13,41.97999954223633,42.81999969482422,41.59000015258789,41.720001220703125,41.720001220703125,845559,SALE
2014-02-14,42.0,42.97999954223633,41.62009811401367,41.959999084472656,41.959999084472656,565932,SALE
2014-02-18,42.63999938964844,42.7400016784668,41.58000183105469,42.0099983215332,42.0099983215332,556393,SALE
2014-02-19,41.75,42.20000076293945,41.36000061035156,41.56999969482422,41.56999969482422,322176,SALE
2014-02-20,42.0,43.0,41.5,42.7400016784668,42.7400016784668,1009388,SALE
2014-02-21,43.119998931884766,43.5,42.22999954223633,43.0,43.0,660678,SALE
2014-02-24,43.0,43.91999816894531,42.5,42.84999847412109,42.84999847412109,757421,SALE
2014-02-25,42.72999954223633,45.43999862670898,42.70000076293945,44.970001220703125,44.970001220703125,960158,SALE
2014-02-26,44.9900016784668,46.59799957275391,44.25,46.119998931884766,46.119998931884766,803260,SALE
2014-02-27,46.119998931884766,48.72999954223633,46.05500030517578,46.97999954223633,46.97999954223633,937394,SALE
2014-02-28,47.15999984741211,48.29999923706055,39.630001068115234,41.77000045776367,41.77000045776367,2994915,SALE
2014-03-03,39.150001525878906,43.400001525878906,37.25,42.95000076293945,42.95000076293945,1464571,SALE
2014-03-04,44.54999923706055,44.88999938964844,42.970001220703125,42.970001220703125,42.970001220703125,893499,SALE
2014-03-05,42.81999969482422,43.880001068115234,42.18000030517578,43.77999877929688,43.77999877929688,435711,SALE
2014-03-06,43.900001525878906,44.31999969482422,42.58000183105469,43.0,43.0,590859,SALE
2014-03-07,43.47999954223633,44.0,42.59999847412109,43.59999847412109,43.59999847412109,663450,SALE
2014-03-10,42.83000183105469,42.9900016784668,39.209999084472656,40.59999847412109,40.59999847412109,1354768,SALE
2014-03-11,40.4900016784668,40.83000183105469,39.18999862670898,39.43000030517578,39.43000030517578,726732,SALE
2014-03-12,38.16999816894531,39.0,37.02000045776367,37.18999862670898,37.18999862670898,2608735,SALE
2014-03-13,36.93999862670898,39.25830078125,36.900001525878906,38.59999847412109,38.59999847412109,2112726,SALE
2014-03-14,38.20000076293945,39.09000015258789,37.61000061035156,38.5099983215332,38.5099983215332,1609424,SALE
2014-03-17,38.560001373291016,39.04999923706055,38.10499954223633,38.18999862670898,38.18999862670898,1434907,SALE
2014-03-18,38.18000030517578,38.52999877929688,36.75,37.4900016784668,37.4900016784668,1563470,SALE
2014-03-19,37.43000030517578,37.63999938964844,36.220001220703125,36.84999847412109,36.84999847412109,978956,SALE
2014-03-20,36.61000061035156,37.04999923706055,36.02000045776367,36.130001068115234,36.130001068115234,960276,SALE
2014-03-21,36.38999938964844,37.119998931884766,35.68000030517578,36.43999862670898,36.43999862670898,1140343,SALE
2014-03-24,36.47999954223633,36.560001373291016,34.529998779296875,35.4900016784668,35.4900016784668,959238,SALE
2014-03-25,36.04999923706055,37.209999084472656,35.029998779296875,35.15999984741211,35.15999984741211,689877,SALE
2014-03-26,35.43000030517578,35.4900016784668,34.31999969482422,34.349998474121094,34.349998474121094,735422,SALE
2014-03-27,34.2599983215332,34.9900016784668,33.290000915527344,33.84000015258789,33.84000015258789,722573,SALE
2014-03-28,34.0,34.13999938964844,32.380001068115234,32.68000030517578,32.68000030517578,1467152,SALE
2014-03-31,33.22999954223633,33.43000030517578,31.90999984741211,32.0,32.0,1035656,SALE
2014-04-01,31.809999465942383,34.900001525878906,31.809999465942383,34.790000915527344,34.790000915527344,1958308,SALE
2014-04-02,34.97999954223633,35.7400016784668,34.470001220703125,35.150001525878906,35.150001525878906,1932228,SALE
2014-04-03,35.2599983215332,35.2599983215332,33.58000183105469,33.9900016784668,33.9900016784668,958140,SALE
2014-04-04,34.15999984741211,34.439998626708984,30.56999969482422,32.29999923706055,32.29999923706055,1707515,SALE
2014-04-07,32.0099983215332,33.029998779296875,31.14999961853028,32.13999938964844,32.13999938964844,1057304,SALE
2014-04-08,32.33000183105469,35.43000030517578,32.33000183105469,34.40999984741211,34.40999984741211,1563116,SALE
2014-04-09,34.650001525878906,35.12200164794922,34.0099983215332,35.08000183105469,35.08000183105469,553006,SALE
2014-04-10,34.86000061035156,35.16999816894531,32.81999969482422,33.470001220703125,33.470001220703125,844981,SALE
2014-04-11,32.95000076293945,33.2400016784668,30.75,31.1200008392334,31.1200008392334,963244,SALE
2014-04-14,31.59000015258789,32.30400085449219,30.64999961853028,31.030000686645508,31.030000686645508,718035,SALE
2014-04-15,30.979999542236328,31.599000930786133,28.729999542236328,30.40999984741211,30.40999984741211,1719245,SALE
2014-04-16,30.780000686645508,31.195899963378903,29.86000061035156,30.86000061035156,30.86000061035156,451911,SALE
2014-04-17,30.799999237060547,31.700000762939453,30.239999771118164,31.059999465942383,31.059999465942383,447896,SALE
2014-04-21,31.09000015258789,31.790000915527344,30.15999984741211,30.89999961853028,30.89999961853028,230617,SALE
2014-04-22,30.89999961853028,33.380001068115234,30.8799991607666,33.06999969482422,33.06999969482422,947973,SALE
2014-04-23,33.02000045776367,33.70899963378906,32.310001373291016,32.88999938964844,32.88999938964844,834020,SALE
2014-04-24,33.22999954223633,33.33000183105469,30.86000061035156,31.739999771118164,31.739999771118164,476858,SALE
2014-04-25,31.43000030517578,31.950000762939453,29.940000534057617,30.39999961853028,30.39999961853028,586832,SALE
2014-04-28,30.670000076293945,31.915000915527344,27.700000762939453,28.6200008392334,28.6200008392334,1217383,SALE
2014-04-29,28.68000030517578,30.170000076293945,28.36000061035156,29.11000061035156,29.11000061035156,1035137,SALE
2014-04-30,28.84000015258789,29.920000076293945,28.01000022888184,29.809999465942383,29.809999465942383,779865,SALE
2014-05-01,28.96999931335449,33.0,28.84000015258789,32.47999954223633,32.47999954223633,1439189,SALE
2014-05-02,32.790000915527344,33.2400016784668,31.040000915527344,31.46999931335449,31.46999931335449,1152465,SALE
2014-05-05,31.100000381469727,33.68000030517578,30.010099411010746,32.709999084472656,32.709999084472656,2106045,SALE
2014-05-06,33.540000915527344,34.4739990234375,29.540000915527344,30.18000030517578,30.18000030517578,3731819,SALE
2014-05-07,30.18000030517578,30.979999542236328,27.07489967346192,27.96999931335449,27.96999931335449,2123293,SALE
2014-05-08,27.6299991607666,29.11989974975586,27.600000381469727,28.790000915527344,28.790000915527344,1797296,SALE
2014-05-09,28.799999237060547,29.700000762939453,28.07999992370605,28.88999938964844,28.88999938964844,1196584,SALE
2014-05-12,29.030000686645508,30.6299991607666,28.57999992370605,29.850000381469727,29.850000381469727,1156341,SALE
2014-05-13,29.600000381469727,31.0,28.950000762939453,30.01000022888184,30.01000022888184,870932,SALE
2014-05-14,29.81999969482422,30.209999084472656,29.0,29.709999084472656,29.709999084472656,653397,SALE
2014-05-15,29.3700008392334,29.989999771118164,28.13999938964844,29.739999771118164,29.739999771118164,1447170,SALE
2014-05-16,29.93000030517578,30.31999969482422,28.88999938964844,29.8799991607666,29.8799991607666,764834,SALE
2014-05-19,29.75,30.530000686645508,29.405000686645508,29.93000030517578,29.93000030517578,790467,SALE
2014-05-20,29.75,30.5,29.31999969482422,29.65999984741211,29.65999984741211,832836,SALE
2014-05-21,29.90999984741211,31.059999465942383,29.559999465942383,31.040000915527344,31.040000915527344,731115,SALE
2014-05-22,31.01000022888184,31.200000762939453,24.540000915527344,25.229999542236328,25.229999542236328,11442735,SALE
2014-05-23,24.5,24.59000015258789,22.450000762939453,23.8700008392334,23.8700008392334,6148659,SALE
2014-05-27,24.26000022888184,25.89999961853028,24.01000022888184,25.479999542236328,25.479999542236328,3194918,SALE
2014-05-28,25.540000915527344,26.049999237060547,24.780000686645508,25.18000030517578,25.18000030517578,1383824,SALE
2014-05-29,25.299999237060547,26.040000915527344,24.89999961853028,25.89999961853028,25.89999961853028,1405424,SALE
2014-05-30,25.89999961853028,26.13999938964844,24.950000762939453,25.5,25.5,1865818,SALE
2014-06-02,25.31999969482422,25.89999961853028,24.979999542236328,25.38999938964844,25.38999938964844,1616076,SALE
2014-06-03,24.950000762939453,25.8700008392334,24.75,25.06999969482422,25.06999969482422,2214655,SALE
2014-06-04,24.799999237060547,24.909900665283203,23.36000061035156,23.93000030517578,23.93000030517578,2596679,SALE
2014-06-05,23.93000030517578,24.440000534057617,23.700000762939453,24.020000457763672,24.020000457763672,1977064,SALE
2014-06-06,24.200000762939453,25.11000061035156,24.100000381469727,24.71999931335449,24.71999931335449,1258157,SALE
2014-06-09,24.71999931335449,25.86000061035156,24.59499931335449,25.84000015258789,25.84000015258789,1207891,SALE
2014-06-10,25.57999992370605,26.700000762939453,25.450000762939453,26.5,26.5,1939061,SALE
2014-06-11,26.200000762939453,27.450000762939453,25.11000061035156,26.65999984741211,26.65999984741211,2219688,SALE
2014-06-12,26.68000030517578,27.459999084472656,26.299999237060547,27.1299991607666,27.1299991607666,1389513,SALE
2014-06-13,27.200000762939453,28.440000534057617,26.8799991607666,27.350000381469727,27.350000381469727,1522264,SALE
2014-06-16,27.020000457763672,27.90999984741211,26.875,27.8700008392334,27.8700008392334,975108,SALE
2014-06-17,27.51000022888184,28.489999771118164,27.280000686645508,28.26000022888184,28.26000022888184,813665,SALE
2014-06-18,28.209999084472656,28.5,26.709999084472656,28.14999961853028,28.14999961853028,1670505,SALE
2014-06-19,28.18000030517578,28.479999542236328,27.01000022888184,27.39999961853028,27.39999961853028,1040840,SALE
2014-06-20,27.46999931335449,27.850000381469727,26.450000762939453,26.8799991607666,26.8799991607666,1799452,SALE
2014-06-23,26.940000534057617,27.049999237060547,26.01000022888184,26.8799991607666,26.8799991607666,870834,SALE
2014-06-24,26.700000762939453,27.5,26.350000381469727,26.51000022888184,26.51000022888184,1342667,SALE
2014-06-25,26.40999984741211,27.68000030517578,26.09000015258789,27.1299991607666,27.1299991607666,1099541,SALE
2014-06-26,27.14999961853028,27.415000915527344,26.57999992370605,27.100000381469727,27.100000381469727,950380,SALE
2014-06-27,26.979999542236328,27.450000762939453,26.190000534057617,26.6200008392334,26.6200008392334,4262777,SALE
2014-06-30,26.59000015258789,27.200000762939453,26.46999931335449,26.61000061035156,26.61000061035156,1192180,SALE
2014-07-01,26.520000457763672,26.989999771118164,26.18000030517578,26.34000015258789,26.34000015258789,866563,SALE
2014-07-02,26.34000015258789,26.600000381469727,25.690000534057617,25.76000022888184,25.76000022888184,586177,SALE
2014-07-03,25.799999237060547,26.499900817871094,25.3700008392334,26.290000915527344,26.290000915527344,510271,SALE
2014-07-07,26.040000915527344,26.190000534057617,24.14999961853028,25.13999938964844,25.13999938964844,2833821,SALE
2014-07-08,25.030000686645508,25.14999961853028,22.780000686645508,23.01000022888184,23.01000022888184,2049086,SALE
2014-07-09,23.100000381469727,23.67989921569824,22.700000762939453,23.170000076293945,23.170000076293945,1558216,SALE
2014-07-10,22.38999938964844,23.739999771118164,22.07999992370605,23.709999084472656,23.709999084472656,1701031,SALE
2014-07-11,23.690000534057617,24.170000076293945,23.280000686645508,24.15999984741211,24.15999984741211,849478,SALE
2014-07-14,24.3799991607666,24.539899826049805,23.809999465942383,23.93000030517578,23.93000030517578,803077,SALE
2014-07-15,23.88999938964844,23.989999771118164,23.40999984741211,23.709999084472656,23.709999084472656,533745,SALE
2014-07-16,23.8700008392334,23.950000762939453,23.309999465942383,23.76000022888184,23.76000022888184,906967,SALE
2014-07-17,23.600000381469727,24.030000686645508,23.51000022888184,23.799999237060547,23.799999237060547,939683,SALE
2014-07-18,23.76000022888184,24.290000915527344,23.665000915527344,24.280000686645508,24.280000686645508,936727,SALE
2014-07-21,24.18000030517578,24.43000030517578,23.89999961853028,24.21999931335449,24.21999931335449,593855,SALE
2014-07-22,24.350000381469727,25.07999992370605,24.350000381469727,24.780000686645508,24.780000686645508,1044088,SALE
2014-07-23,24.84000015258789,25.209999084472656,24.549999237060547,25.030000686645508,25.030000686645508,589309,SALE
2014-07-24,24.96999931335449,25.5,24.780000686645508,25.3799991607666,25.3799991607666,553831,SALE
2014-07-25,25.18000030517578,25.3799991607666,24.71999931335449,25.200000762939453,25.200000762939453,627149,SALE
2014-07-28,25.200000762939453,25.6299991607666,24.8400993347168,25.440000534057617,25.440000534057617,716937,SALE
2014-07-29,25.540000915527344,25.920000076293945,25.280000686645508,25.690000534057617,25.690000534057617,866214,SALE
2014-07-30,25.89999961853028,26.145000457763672,24.3799991607666,24.670000076293945,24.670000076293945,955308,SALE
2014-07-31,24.450000762939453,24.739999771118164,23.86000061035156,24.459999084472656,24.459999084472656,694030,SALE
2014-08-01,24.1299991607666,25.170000076293945,23.8799991607666,25.030000686645508,25.030000686645508,1108613,SALE
2014-08-04,25.1200008392334,25.40999984741211,24.530000686645508,25.299999237060547,25.299999237060547,3692745,SALE
2014-08-05,20.1200008392334,20.15999984741211,17.950000762939453,18.14999961853028,18.14999961853028,19597680,SALE
2014-08-06,18.18000030517578,18.3700008392334,17.229999542236328,17.34000015258789,17.34000015258789,3878868,SALE
2014-08-07,17.399999618530273,18.010000228881836,17.079999923706055,17.149999618530273,17.149999618530273,2923603,SALE
2014-08-08,17.299999237060547,17.443700790405273,16.764999389648438,17.09000015258789,17.09000015258789,1681773,SALE
2014-08-11,17.18000030517578,17.440000534057617,16.93000030517578,17.399999618530273,17.399999618530273,1042852,SALE
2014-08-12,17.399999618530273,17.760000228881836,17.399999618530273,17.5,17.5,836701,SALE
2014-08-13,17.600000381469727,17.899999618530273,17.450000762939453,17.8799991607666,17.8799991607666,997283,SALE
2014-08-14,17.860000610351562,17.8799991607666,17.520000457763672,17.540000915527344,17.540000915527344,590127,SALE
2014-08-15,17.670000076293945,17.780000686645508,17.250099182128906,17.739999771118164,17.739999771118164,657080,SALE
2014-08-18,17.809999465942383,17.8799991607666,17.3700008392334,17.399999618530273,17.399999618530273,1033189,SALE
2014-08-19,17.469999313354492,17.84000015258789,17.399999618530273,17.450000762939453,17.450000762939453,947397,SALE
2014-08-20,17.450000762939453,17.979999542236328,17.34000015258789,17.90999984741211,17.90999984741211,583764,SALE
2014-08-21,17.899999618530273,18.299999237060547,17.799999237060547,18.239999771118164,18.239999771118164,642818,SALE
2014-08-22,18.280000686645508,18.309999465942383,17.739999771118164,17.979999542236328,17.979999542236328,404906,SALE
2014-08-25,18.040000915527344,18.280000686645508,17.889999389648438,18.200000762939453,18.200000762939453,403972,SALE
2014-08-26,18.200000762939453,18.68000030517578,18.1200008392334,18.559999465942383,18.559999465942383,729157,SALE
2014-08-27,18.56999969482422,18.920000076293945,18.5,18.8799991607666,18.8799991607666,721420,SALE
2014-08-28,18.68000030517578,18.88500022888184,18.5,18.61000061035156,18.61000061035156,538452,SALE
2014-08-29,18.6299991607666,18.809999465942383,18.558000564575195,18.64999961853028,18.64999961853028,367832,SALE
2014-09-02,18.71999931335449,18.920000076293945,18.36000061035156,18.89999961853028,18.89999961853028,675021,SALE
2014-09-03,19.06999969482422,19.3700008392334,18.520000457763672,18.549999237060547,18.549999237060547,1615527,SALE
2014-09-04,18.600000381469727,18.73500061035156,18.200000762939453,18.489999771118164,18.489999771118164,1412833,SALE
2014-09-05,18.46999931335449,18.70499992370605,17.6200008392334,17.6299991607666,17.6299991607666,1466774,SALE
2014-09-08,17.6299991607666,17.969999313354492,16.81999969482422,16.889999389648438,16.889999389648438,3059484,SALE
2014-09-09,16.75,17.25,16.549999237060547,17.209999084472656,17.209999084472656,1640805,SALE
2014-09-10,17.190000534057617,17.6200008392334,17.06999969482422,17.31999969482422,17.31999969482422,881093,SALE
2014-09-11,17.190000534057617,17.389999389648438,16.969999313354492,17.0,17.0,1316291,SALE
2014-09-12,16.969999313354492,17.65999984741211,16.950000762939453,17.5,17.5,1231597,SALE
2014-09-15,17.459999084472656,17.649999618530273,17.149999618530273,17.329999923706055,17.329999923706055,960137,SALE
2014-09-16,17.31999969482422,17.770099639892578,17.215499877929688,17.59000015258789,17.59000015258789,649233,SALE
2014-09-17,17.540000915527344,17.8700008392334,17.540000915527344,17.65999984741211,17.65999984741211,442745,SALE
2014-09-18,17.850000381469727,17.93000030517578,17.405000686645508,17.5,17.5,627735,SALE
2014-09-19,17.395099639892578,17.719999313354492,17.020000457763672,17.280000686645508,17.280000686645508,1376966,SALE
2014-09-22,17.190000534057617,17.28499984741211,16.760000228881836,16.829999923706055,16.829999923706055,557091,SALE
2014-09-23,16.920000076293945,17.110000610351562,16.750099182128906,16.8700008392334,16.8700008392334,522767,SALE
2014-09-24,16.8700008392334,16.979999542236328,16.389999389648438,16.860000610351562,16.860000610351562,738305,SALE
2014-09-25,16.770000457763672,16.8799991607666,16.579999923706055,16.65999984741211,16.65999984741211,540751,SALE
2014-09-26,16.639999389648438,17.0,16.59000015258789,16.65999984741211,16.65999984741211,313235,SALE
2014-09-29,16.469999313354492,16.83989906311035,16.1299991607666,16.420000076293945,16.420000076293945,625250,SALE
2014-09-30,16.399999618530273,16.440000534057617,16.15999984741211,16.15999984741211,16.15999984741211,1717429,SALE
2014-10-01,16.059999465942383,16.360000610351562,15.899999618530272,16.020000457763672,16.020000457763672,690468,SALE
2014-10-02,16.09000015258789,16.34000015258789,15.850000381469728,16.1299991607666,16.1299991607666,549331,SALE
2014-10-03,16.200000762939453,16.450000762939453,15.890000343322754,16.100000381469727,16.100000381469727,445779,SALE
2014-10-06,16.139999389648438,16.23200035095215,15.520000457763672,15.5600004196167,15.5600004196167,915190,SALE
2014-10-07,15.510000228881836,15.70699977874756,15.34000015258789,15.40999984741211,15.40999984741211,506898,SALE
2014-10-08,15.5,15.640000343322754,14.970000267028809,15.5600004196167,15.5600004196167,703184,SALE
2014-10-09,15.380000114440918,15.550000190734863,14.720000267028809,14.75,14.75,829655,SALE
2014-10-10,14.649999618530272,15.130000114440918,14.4399995803833,14.6899995803833,14.6899995803833,904517,SALE
2014-10-13,14.69499969482422,15.350000381469728,14.579999923706056,15.25,15.25,1107991,SALE
2014-10-14,15.380000114440918,16.25,15.170000076293944,15.890000343322754,15.890000343322754,1607747,SALE
2014-10-15,15.829999923706056,18.040000915527344,15.550000190734863,17.854999542236328,17.854999542236328,2056039,SALE
2014-10-16,17.479999542236328,18.600000381469727,16.72100067138672,18.09000015258789,18.09000015258789,1590480,SALE
2014-10-17,18.051300048828125,18.299999237060547,17.239999771118164,17.260000228881836,17.260000228881836,867735,SALE
2014-10-20,17.5,18.6299991607666,17.010000228881836,18.440000534057617,18.440000534057617,1171655,SALE
2014-10-21,18.489999771118164,18.549999237060547,18.190000534057617,18.34000015258789,18.34000015258789,753353,SALE
2014-10-22,18.15999984741211,19.13999938964844,17.940000534057617,18.030000686645508,18.030000686645508,1298957,SALE
2014-10-23,18.21999931335449,18.959999084472656,18.1200008392334,18.780000686645508,18.780000686645508,1444132,SALE
2014-10-24,18.52400016784668,19.280000686645508,18.5,19.25,19.25,807607,SALE
2014-10-27,19.309999465942383,19.63999938964844,18.96999931335449,19.59000015258789,19.59000015258789,876594,SALE
2014-10-28,19.559999465942383,20.15999984741211,19.520000457763672,19.82999992370605,19.82999992370605,1015644,SALE
2014-10-29,19.70009994506836,19.90999984741211,19.51000022888184,19.75,19.75,786180,SALE
2014-10-30,19.780000686645508,20.6299991607666,19.53400039672852,20.530000686645508,20.530000686645508,966399,SALE
2014-10-31,21.489999771118164,21.499500274658203,20.540000915527344,21.059999465942383,21.059999465942383,1263213,SALE
2014-11-03,21.15999984741211,21.427000045776367,20.290000915527344,20.39999961853028,20.39999961853028,2812376,SALE
2014-11-04,15.529999732971191,16.229999542236328,13.649999618530272,14.350000381469728,14.350000381469728,13975746,SALE
2014-11-05,14.4399995803833,15.25,14.079999923706056,14.539999961853027,14.539999961853027,3492810,SALE
2014-11-06,14.520000457763672,14.649999618530272,14.239999771118164,14.539999961853027,14.539999961853027,1225858,SALE
2014-11-07,14.68000030517578,14.696000099182127,14.199999809265137,14.350000381469728,14.350000381469728,1372900,SALE
2014-11-10,14.440099716186523,15.34000015258789,14.34000015258789,14.920000076293944,14.920000076293944,1605013,SALE
2014-11-11,14.89799976348877,14.98799991607666,14.479999542236328,14.670000076293944,14.670000076293944,582210,SALE
2014-11-12,14.600000381469728,14.90999984741211,14.5600004196167,14.81999969482422,14.81999969482422,538515,SALE
2014-11-13,14.880000114440918,15.010000228881836,14.600000381469728,14.6899995803833,14.6899995803833,720482,SALE
2014-11-14,14.720000267028809,15.129899978637695,14.600000381469728,15.029999732971191,15.029999732971191,1001085,SALE
2014-11-17,14.977999687194824,15.210000038146973,14.270000457763672,14.479999542236328,14.479999542236328,591326,SALE
2014-11-18,14.425000190734863,14.75,14.329999923706056,14.510000228881836,14.510000228881836,403617,SALE
2014-11-19,14.460000038146973,14.529999732971191,14.03499984741211,14.079999923706056,14.079999923706056,553995,SALE
2014-11-20,14.0600004196167,14.65999984741211,14.029999732971191,14.479999542236328,14.479999542236328,537590,SALE
2014-11-21,14.718000411987305,14.720000267028809,14.350000381469728,14.470000267028809,14.470000267028809,834755,SALE
2014-11-24,14.550000190734863,14.989999771118164,14.539999961853027,14.869999885559082,14.869999885559082,675803,SALE
2014-11-25,14.970000267028809,15.03499984741211,14.6899995803833,14.789999961853027,14.789999961853027,299027,SALE
2014-11-26,14.789999961853027,14.949999809265137,14.505000114440918,14.729999542236328,14.729999542236328,417438,SALE
2014-11-28,14.75,14.800000190734863,14.539999961853027,14.725000381469728,14.725000381469728,221351,SALE
2014-12-01,14.550000190734863,14.710000038146973,13.90999984741211,14.34000015258789,14.34000015258789,1000735,SALE
2014-12-02,14.520000457763672,14.529999732971191,14.130000114440918,14.31999969482422,14.31999969482422,400126,SALE
2014-12-03,14.350000381469728,14.359999656677246,13.93000030517578,14.0,14.0,1332241,SALE
2014-12-04,14.079999923706056,14.149999618530272,13.65999984741211,13.81999969482422,13.81999969482422,1044307,SALE
2014-12-05,13.90999984741211,14.109999656677246,13.6899995803833,13.779999732971191,13.779999732971191,822071,SALE
2014-12-08,13.81999969482422,13.925000190734863,13.684300422668455,13.739999771118164,13.739999771118164,714931,SALE
2014-12-09,13.619999885559082,14.3100004196167,13.289999961853027,14.1899995803833,14.1899995803833,784266,SALE
2014-12-10,14.329999923706056,14.390000343322754,13.869999885559082,13.93000030517578,13.93000030517578,637661,SALE
2014-12-11,13.770000457763672,14.364999771118164,13.770000457763672,13.9399995803833,13.9399995803833,437202,SALE
2014-12-12,13.850000381469728,14.25,13.789999961853027,13.899999618530272,13.899999618530272,688094,SALE
2014-12-15,14.010000228881836,14.350000381469728,13.890000343322754,13.899999618530272,13.899999618530272,661234,SALE
2014-12-16,13.90999984741211,14.09000015258789,13.489999771118164,13.699999809265137,13.699999809265137,618097,SALE
2014-12-17,13.6899995803833,14.239999771118164,13.579999923706056,14.220000267028809,14.220000267028809,1008698,SALE
2014-12-18,14.432000160217283,14.890000343322754,14.3100004196167,14.800000190734863,14.800000190734863,763255,SALE
2014-12-19,14.879899978637695,15.1899995803833,14.4399995803833,14.989999771118164,14.989999771118164,4235788,SALE
2014-12-22,15.109999656677246,15.270000457763672,14.899999618530272,14.949999809265137,14.949999809265137,836057,SALE
2014-12-23,15.09000015258789,15.100000381469728,14.619999885559082,14.640000343322754,14.640000343322754,640545,SALE
2014-12-24,14.869999885559082,15.0,14.699999809265137,14.829999923706056,14.829999923706056,601039,SALE
2014-12-26,14.989999771118164,15.079999923706056,14.81999969482422,14.880000114440918,14.880000114440918,326988,SALE
2014-12-29,14.8100004196167,14.970000267028809,14.635000228881836,14.739999771118164,14.739999771118164,543512,SALE
2014-12-30,14.75,14.779999732971191,14.440099716186523,14.670000076293944,14.670000076293944,381602,SALE
2014-12-31,14.68000030517578,14.899999618530272,14.59000015258789,14.619999885559082,14.619999885559082,430117,SALE
2015-01-02,14.829999923706056,14.979999542236328,14.4399995803833,14.81999969482422,14.81999969482422,374856,SALE
2015-01-05,14.75,14.94499969482422,14.140000343322754,14.260000228881836,14.260000228881836,435733,SALE
2015-01-06,14.25,14.420000076293944,13.609999656677246,13.6899995803833,13.6899995803833,1276775,SALE
2015-01-07,13.8100004196167,14.109999656677246,13.800000190734863,13.859999656677246,13.859999656677246,619604,SALE
2015-01-08,13.920000076293944,14.300000190734863,13.850000381469728,14.170000076293944,14.170000076293944,718796,SALE
2015-01-09,14.380000114440918,14.390000343322754,13.9350004196167,14.06999969482422,14.06999969482422,426805,SALE
2015-01-12,14.039999961853027,14.210000038146973,13.720000267028809,14.149999618530272,14.149999618530272,313313,SALE
2015-01-13,14.210000038146973,14.75,14.210000038146973,14.520000457763672,14.520000457763672,1165061,SALE
2015-01-14,14.699999809265137,14.75,14.199999809265137,14.520000457763672,14.520000457763672,666563,SALE
2015-01-15,14.555999755859377,14.59000015258789,14.020000457763672,14.3100004196167,14.3100004196167,618003,SALE
2015-01-16,14.479999542236328,14.84000015258789,14.18000030517578,14.5600004196167,14.5600004196167,655011,SALE
2015-01-20,14.5600004196167,14.609999656677246,14.255000114440918,14.479999542236328,14.479999542236328,803599,SALE
2015-01-21,14.479999542236328,14.90999984741211,14.260000228881836,14.890000343322754,14.890000343322754,2084288,SALE
2015-01-22,15.010000228881836,15.640000343322754,14.899999618530272,15.600000381469728,15.600000381469728,976032,SALE
2015-01-23,15.539999961853027,15.770000457763672,15.109999656677246,15.210000038146973,15.210000038146973,678595,SALE
2015-01-26,15.34000015258789,15.460000038146973,15.039999961853027,15.3100004196167,15.3100004196167,800144,SALE
2015-01-27,15.102999687194824,15.595000267028809,15.079999923706056,15.239999771118164,15.239999771118164,491245,SALE
2015-01-28,15.3100004196167,15.5600004196167,14.9350004196167,15.050000190734863,15.050000190734863,685837,SALE
2015-01-29,15.039999961853027,15.529999732971191,14.829999923706056,15.43000030517578,15.43000030517578,689517,SALE
2015-01-30,15.550000190734863,15.614999771118164,15.109999656677246,15.529999732971191,15.529999732971191,840310,SALE
2015-02-02,15.520000457763672,15.619999885559082,14.539999961853027,14.760000228881836,14.760000228881836,1526234,SALE
2015-02-03,14.755999565124512,15.300000190734863,14.739999771118164,15.279999732971191,15.279999732971191,605562,SALE
2015-02-04,15.1899995803833,15.600000381469728,15.05500030517578,15.449999809265137,15.449999809265137,494562,SALE
2015-02-05,15.510000228881836,16.360000610351562,15.460000038146973,16.219999313354492,16.219999313354492,846604,SALE
2015-02-06,16.139999389648438,16.277999877929688,15.619999885559082,15.739999771118164,15.739999771118164,811841,SALE
2015-02-09,15.529999732971191,15.84000015258789,15.359999656677246,15.470000267028809,15.470000267028809,1154873,SALE
2015-02-10,14.100000381469728,15.899999618530272,13.545000076293944,15.399999618530272,15.399999618530272,6211373,SALE
2015-02-11,15.109999656677246,15.880000114440918,14.880000114440918,15.75,15.75,1651230,SALE
2015-02-12,15.890000343322754,16.450000762939453,15.539999961853027,16.280000686645508,16.280000686645508,1014213,SALE
2015-02-13,16.29400062561035,16.6200008392334,15.800000190734863,16.40999984741211,16.40999984741211,965818,SALE
2015-02-17,16.760000228881836,17.190000534057617,16.360000610351562,17.0,17.0,1808958,SALE
2015-02-18,16.959999084472656,17.530000686645508,16.690000534057617,17.309999465942383,17.309999465942383,1599326,SALE
2015-02-19,17.299999237060547,17.46500015258789,17.15999984741211,17.290000915527344,17.290000915527344,790868,SALE
2015-02-20,17.229999542236328,17.399999618530273,17.110000610351562,17.200000762939453,17.200000762939453,1181917,SALE
2015-02-23,17.299999237060547,17.33989906311035,17.100000381469727,17.309999465942383,17.309999465942383,499644,SALE
2015-02-24,17.290000915527344,17.690000534057617,17.15999984741211,17.610000610351562,17.610000610351562,600142,SALE
2015-02-25,17.510000228881836,17.86989974975586,17.489999771118164,17.65999984741211,17.65999984741211,777866,SALE
2015-02-26,17.51799964904785,17.780000686645508,17.229999542236328,17.440000534057617,17.440000534057617,608306,SALE
2015-02-27,17.520000457763672,17.7189998626709,17.253999710083008,17.43000030517578,17.43000030517578,688633,SALE
2015-03-02,17.270000457763672,18.36000061035156,17.270000457763672,18.309999465942383,18.309999465942383,760109,SALE
2015-03-03,18.170000076293945,18.38999938964844,18.059999465942383,18.1200008392334,18.1200008392334,376665,SALE
2015-03-04,17.950000762939453,18.21500015258789,17.90999984741211,18.0,18.0,368521,SALE
2015-03-05,17.770000457763672,18.43000030517578,17.760000228881836,18.200000762939453,18.200000762939453,557798,SALE
2015-03-06,18.14999961853028,18.46999931335449,17.969999313354492,18.26000022888184,18.26000022888184,549050,SALE
2015-03-09,18.209999084472656,18.280000686645508,17.649999618530273,18.25,18.25,1250220,SALE
2015-03-10,18.059999465942383,18.11000061035156,17.030000686645508,17.1200008392334,17.1200008392334,741379,SALE
2015-03-11,17.31800079345703,17.31800079345703,16.639999389648438,16.770000457763672,16.770000457763672,620941,SALE
2015-03-12,16.770000457763672,17.12179946899414,16.690000534057617,16.950000762939453,16.950000762939453,588621,SALE
2015-03-13,16.979999542236328,17.0,16.479999542236328,16.579999923706055,16.579999923706055,814666,SALE
2015-03-16,16.729999542236328,17.325000762939453,16.579999923706055,17.190000534057617,17.190000534057617,500020,SALE
2015-03-17,17.139999389648438,17.399999618530273,16.93000030517578,17.040000915527344,17.040000915527344,591106,SALE
2015-03-18,16.8700008392334,17.280000686645508,16.850000381469727,17.100000381469727,17.100000381469727,601347,SALE
2015-03-19,16.989999771118164,17.420000076293945,16.959999084472656,17.270000457763672,17.270000457763672,328289,SALE
2015-03-20,17.3700008392334,18.270000457763672,17.3700008392334,17.93000030517578,17.93000030517578,2735013,SALE
2015-03-23,17.81999969482422,18.350000381469727,17.75,18.309999465942383,18.309999465942383,469725,SALE
2015-03-24,18.309999465942383,18.84000015258789,18.309999465942383,18.690000534057617,18.690000534057617,463038,SALE
2015-03-25,18.46999931335449,18.709999084472656,18.020000457763672,18.049999237060547,18.049999237060547,499045,SALE
2015-03-26,18.0,18.31999969482422,17.809999465942383,17.8799991607666,17.8799991607666,341433,SALE
2015-03-27,18.020000457763672,18.100000381469727,17.850000381469727,18.040000915527344,18.040000915527344,249826,SALE
2015-03-30,18.020000457763672,18.359899520874023,17.7549991607666,17.829999923706055,17.829999923706055,259604,SALE
2015-03-31,17.691999435424805,18.21999931335449,17.65999984741211,18.010000228881836,18.010000228881836,273178,SALE
2015-04-01,17.920000076293945,17.920000076293945,17.25,17.610000610351562,17.610000610351562,593511,SALE
2015-04-02,17.549999237060547,17.799999237060547,17.309999465942383,17.59000015258789,17.59000015258789,308398,SALE
2015-04-06,17.520000457763672,17.829999923706055,17.450000762939453,17.450000762939453,17.450000762939453,288996,SALE
2015-04-07,17.56999969482422,17.90999984741211,17.40999984741211,17.790000915527344,17.790000915527344,547588,SALE
2015-04-08,17.510000228881836,17.709999084472656,17.34000015258789,17.420000076293945,17.420000076293945,479275,SALE
2015-04-09,17.40999984741211,17.8700008392334,17.40999984741211,17.649999618530273,17.649999618530273,473773,SALE
2015-04-10,17.729999542236328,18.415000915527344,17.670000076293945,18.1299991607666,18.1299991607666,511108,SALE
2015-04-13,18.239999771118164,18.6299991607666,18.14999961853028,18.209999084472656,18.209999084472656,330556,SALE
2015-04-14,18.077999114990234,18.729999542236328,17.809999465942383,18.690000534057617,18.690000534057617,613500,SALE
2015-04-15,18.739999771118164,19.0,18.559999465942383,18.809999465942383,18.809999465942383,586638,SALE
2015-04-16,18.739999771118164,19.190000534057617,18.739999771118164,18.89999961853028,18.89999961853028,468234,SALE
2015-04-17,18.87800025939941,19.07999992370605,18.64999961853028,18.96999931335449,18.96999931335449,600815,SALE
2015-04-20,19.2189998626709,19.809999465942383,18.979999542236328,19.489999771118164,19.489999771118164,709902,SALE
2015-04-21,19.49399948120117,19.64800071716309,18.559999465942383,18.770000457763672,18.770000457763672,432125,SALE
2015-04-22,19.082000732421875,19.26000022888184,18.799999237060547,19.01000022888184,19.01000022888184,480631,SALE
2015-04-23,19.0,19.200000762939453,18.8799991607666,19.01499938964844,19.01499938964844,336431,SALE
2015-04-24,19.36000061035156,19.36000061035156,18.940000534057617,19.030000686645508,19.030000686645508,434335,SALE
2015-04-27,19.030000686645508,19.239999771118164,18.5,18.82999992370605,18.82999992370605,403180,SALE
2015-04-28,18.690000534057617,19.3700008392334,18.6299991607666,19.34000015258789,19.34000015258789,399373,SALE
2015-04-29,19.299999237060547,19.42989921569824,18.81999969482422,19.13999938964844,19.13999938964844,385689,SALE
2015-04-30,18.8799991607666,19.06999969482422,18.350000381469727,18.3799991607666,18.3799991607666,428554,SALE
2015-05-01,18.18000030517578,18.609899520874023,17.459999084472656,17.68000030517578,17.68000030517578,778457,SALE
2015-05-04,17.760000228881836,18.239999771118164,17.170000076293945,17.209999084472656,17.209999084472656,1140480,SALE
2015-05-05,18.020000457763672,21.68000030517578,17.729999542236328,20.09000015258789,20.09000015258789,4145430,SALE
2015-05-06,19.959999084472656,20.0,18.7549991607666,19.6299991607666,19.6299991607666,1394640,SALE
2015-05-07,19.549999237060547,20.084999084472656,19.5,19.709999084472656,19.709999084472656,637416,SALE
2015-05-08,20.02499961853028,20.190000534057617,19.61000061035156,20.049999237060547,20.049999237060547,747084,SALE
2015-05-11,20.049999237060547,20.46999931335449,19.93000030517578,20.31999969482422,20.31999969482422,579368,SALE
2015-05-12,20.290000915527344,20.479999542236328,19.8700008392334,20.299999237060547,20.299999237060547,313407,SALE
2015-05-13,20.350000381469727,21.0,20.26000022888184,20.8799991607666,20.8799991607666,468313,SALE
2015-05-14,21.06999969482422,21.06999969482422,20.729999542236328,20.90999984741211,20.90999984741211,320044,SALE
2015-05-15,20.89999961853028,21.035999298095703,20.770000457763672,20.770000457763672,20.770000457763672,385171,SALE
2015-05-18,20.75,21.559999465942383,20.489999771118164,21.549999237060547,21.549999237060547,832432,SALE
2015-05-19,21.40999984741211,21.5,20.959999084472656,21.18000030517578,21.18000030517578,531298,SALE
2015-05-20,21.040000915527344,21.32999992370605,20.76000022888184,20.89999961853028,20.89999961853028,249389,SALE
2015-05-21,20.979999542236328,21.0,20.75,20.89999961853028,20.89999961853028,197112,SALE
2015-05-22,20.89999961853028,20.989999771118164,20.75,20.84000015258789,20.84000015258789,210131,SALE
2015-05-26,20.81999969482422,20.81999969482422,20.350000381469727,20.61000061035156,20.61000061035156,235195,SALE
2015-05-27,20.53400039672852,20.65999984741211,20.290000915527344,20.459999084472656,20.459999084472656,228473,SALE
2015-05-28,20.788000106811523,21.049999237060547,20.530000686645508,20.57999992370605,20.57999992370605,469266,SALE
2015-05-29,20.513999938964844,20.709999084472656,20.13999938964844,20.15999984741211,20.15999984741211,355696,SALE
2015-06-01,20.170000076293945,20.39999961853028,20.02499961853028,20.209999084472656,20.209999084472656,431688,SALE
2015-06-02,20.059999465942383,20.709999084472656,20.059999465942383,20.61000061035156,20.61000061035156,406126,SALE
2015-06-03,20.520000457763672,20.989999771118164,20.513999938964844,20.68000030517578,20.68000030517578,505427,SALE
2015-06-04,20.51000022888184,20.68000030517578,19.950000762939453,20.0,20.0,399719,SALE
2015-06-05,20.049999237060547,20.229999542236328,20.0,20.07999992370605,20.07999992370605,438338,SALE
2015-06-08,19.964000701904297,20.15999984741211,19.690000534057617,19.790000915527344,19.790000915527344,284629,SALE
2015-06-09,19.84000015258789,19.854999542236328,18.940000534057617,18.959999084472656,18.959999084472656,662417,SALE
2015-06-10,19.3700008392334,19.39999961853028,18.950000762939453,19.06999969482422,19.06999969482422,464660,SALE
2015-06-11,19.10009956359864,19.32999992370605,18.81999969482422,18.8799991607666,18.8799991607666,226238,SALE
2015-06-12,18.50589942932129,19.0,18.5009994506836,18.76000022888184,18.76000022888184,330012,SALE
2015-06-15,18.61000061035156,19.190000534057617,18.513999938964844,18.959999084472656,18.959999084472656,394757,SALE
2015-06-16,18.739999771118164,19.06999969482422,18.68000030517578,18.725000381469727,18.725000381469727,366124,SALE
2015-06-17,18.84000015258789,18.96999931335449,18.729999542236328,18.93000030517578,18.93000030517578,546225,SALE
2015-06-18,18.989999771118164,19.040000915527344,18.81999969482422,18.850000381469727,18.850000381469727,290275,SALE
2015-06-19,18.78890037536621,18.95499992370605,18.530000686645508,18.63999938964844,18.63999938964844,657031,SALE
2015-06-22,18.8700008392334,18.8700008392334,18.520000457763672,18.6200008392334,18.6200008392334,363720,SALE
2015-06-23,18.68000030517578,18.8799991607666,18.540000915527344,18.790000915527344,18.790000915527344,319698,SALE
2015-06-24,18.709999084472656,18.799999237060547,18.50069999694824,18.63999938964844,18.63999938964844,394512,SALE
2015-06-25,18.739999771118164,18.75,18.51000022888184,18.56999969482422,18.56999969482422,219049,SALE
2015-06-26,18.520000457763672,18.709999084472656,17.950000762939453,18.020000457763672,18.020000457763672,1801123,SALE
2015-06-29,17.729999542236328,18.07999992370605,17.56999969482422,17.579999923706055,17.579999923706055,474089,SALE
2015-06-30,17.79199981689453,17.8799991607666,17.700000762939453,17.829999923706055,17.829999923706055,562175,SALE
2015-07-01,18.0,18.030000686645508,17.25,17.329999923706055,17.329999923706055,724597,SALE
2015-07-02,17.288000106811523,17.450000762939453,16.959999084472656,17.329999923706055,17.329999923706055,420968,SALE
2015-07-06,17.25,17.43000030517578,17.049999237060547,17.299999237060547,17.299999237060547,292942,SALE
2015-07-07,17.09000015258789,17.270000457763672,16.81999969482422,17.18000030517578,17.18000030517578,360887,SALE
2015-07-08,17.010000228881836,17.170000076293945,16.790000915527344,16.860000610351562,16.860000610351562,195407,SALE
2015-07-09,17.030000686645508,17.40999984741211,17.0,17.239999771118164,17.239999771118164,454187,SALE
2015-07-10,17.479999542236328,17.479999542236328,17.049999237060547,17.09000015258789,17.09000015258789,284974,SALE
2015-07-13,17.219999313354492,17.309999465942383,17.1200008392334,17.149999618530273,17.149999618530273,276231,SALE
2015-07-14,16.860000610351562,17.270000457763672,16.860000610351562,17.040000915527344,17.040000915527344,425432,SALE
2015-07-15,17.15999984741211,17.209999084472656,16.889999389648438,16.899999618530273,16.899999618530273,245685,SALE
2015-07-16,17.139999389648438,17.299999237060547,16.847999572753906,17.06999969482422,17.06999969482422,275119,SALE
2015-07-17,17.149999618530273,17.25,17.010000228881836,17.139999389648438,17.139999389648438,279326,SALE
2015-07-20,17.209999084472656,17.270000457763672,16.575000762939453,16.610000610351562,16.610000610351562,458829,SALE
2015-07-21,16.600000381469727,16.875,16.530000686645508,16.790000915527344,16.790000915527344,333522,SALE
2015-07-22,16.649999618530273,16.950000762939453,16.649999618530273,16.739999771118164,16.739999771118164,246048,SALE
2015-07-23,16.760000228881836,16.850000381469727,16.559999465942383,16.600000381469727,16.600000381469727,286605,SALE
2015-07-24,16.56999969482422,16.6299991607666,15.8100004196167,15.960000038146973,15.960000038146973,372418,SALE
2015-07-27,15.760000228881836,15.854499816894531,15.345000267028809,15.399999618530272,15.399999618530272,262603,SALE
2015-07-28,15.43000030517578,15.5,15.010000228881836,15.359999656677246,15.359999656677246,297007,SALE
2015-07-29,15.380000114440918,15.539999961853027,15.0,15.390000343322754,15.390000343322754,329880,SALE
2015-07-30,15.300000190734863,15.640000343322754,15.140000343322754,15.220000267028809,15.220000267028809,594576,SALE
2015-07-31,15.279999732971191,15.520000457763672,15.015000343322754,15.149999618530272,15.149999618530272,355250,SALE
2015-08-03,15.210000038146973,15.220000267028809,14.119999885559082,14.1899995803833,14.1899995803833,709024,SALE
2015-08-04,14.130000114440918,14.300000190734863,13.9399995803833,14.109999656677246,14.109999656677246,637242,SALE
2015-08-05,9.529999732971191,10.5,8.25,8.380000114440918,8.380000114440918,6148139,SALE
2015-08-06,8.359999656677246,8.729999542236328,8.050000190734863,8.710000038146973,8.710000038146973,2685584,SALE
2015-08-07,8.619999885559082,8.65999984741211,8.329999923706055,8.619999885559082,8.619999885559082,1711502,SALE
2015-08-10,8.59000015258789,8.65999984741211,8.3100004196167,8.579999923706055,8.579999923706055,917843,SALE
2015-08-11,8.5600004196167,9.0,8.3100004196167,8.59000015258789,8.59000015258789,960131,SALE
2015-08-12,8.579999923706055,9.260000228881836,8.420000076293945,9.140000343322754,9.140000343322754,1332007,SALE
2015-08-13,9.199999809265137,9.260000228881836,8.970000267028809,9.050000190734863,9.050000190734863,826227,SALE
2015-08-14,9.0,9.4399995803833,9.0,9.359999656677246,9.359999656677246,524020,SALE
2015-08-17,9.270000457763672,9.529999732971191,9.199999809265137,9.239999771118164,9.239999771118164,1184896,SALE
2015-08-18,9.270000457763672,9.489999771118164,8.914999961853027,9.130000114440918,9.130000114440918,525084,SALE
2015-08-19,9.06999969482422,9.312000274658203,8.760000228881836,8.899999618530273,8.899999618530273,529148,SALE
2015-08-20,8.84000015258789,8.961999893188477,8.460000038146973,8.539999961853027,8.539999961853027,617916,SALE
2015-08-21,8.420000076293945,8.529999732971191,8.130000114440918,8.170000076293945,8.170000076293945,825032,SALE
2015-08-24,7.75,8.369999885559082,7.659999847412109,8.020000457763672,8.020000457763672,896930,SALE
2015-08-25,8.329999923706055,8.460000038146973,8.149999618530273,8.180000305175781,8.180000305175781,602270,SALE
2015-08-26,8.34000015258789,8.84000015258789,8.220000267028809,8.774999618530273,8.774999618530273,852201,SALE
2015-08-27,8.880000114440918,8.90999984741211,8.541999816894531,8.680000305175781,8.680000305175781,538311,SALE
2015-08-28,8.65999984741211,9.1899995803833,8.640000343322754,9.140000343322754,9.140000343322754,964057,SALE
2015-08-31,9.039999961853027,9.128000259399414,8.770000457763672,9.0,9.0,615303,SALE
2015-09-01,9.06999969482422,9.100000381469728,8.600000381469727,8.699999809265137,8.699999809265137,1261877,SALE
2015-09-02,8.760000228881836,8.899999618530273,8.510000228881836,8.75,8.75,946563,SALE
2015-09-03,8.75,9.0,8.649999618530273,8.90999984741211,8.90999984741211,654376,SALE
2015-09-04,8.779999732971191,9.220000267028809,8.680000305175781,9.130000114440918,9.130000114440918,612381,SALE
2015-09-08,9.239999771118164,9.509900093078612,9.109999656677246,9.109999656677246,9.109999656677246,782684,SALE
2015-09-09,9.140000343322754,9.489999771118164,8.989999771118164,9.010000228881836,9.010000228881836,466419,SALE
2015-09-10,9.020000457763672,9.199999809265137,8.90999984741211,9.0600004196167,9.0600004196167,313720,SALE
2015-09-11,8.979999542236328,9.170000076293944,8.864999771118164,9.149999618530272,9.149999618530272,362559,SALE
2015-09-14,9.149999618530272,9.149999618530272,8.8100004196167,8.90999984741211,8.90999984741211,337421,SALE
2015-09-15,8.899999618530273,9.199999809265137,8.880000114440918,9.140000343322754,9.140000343322754,211916,SALE
2015-09-16,9.18000030517578,9.260000228881836,9.0600004196167,9.220000267028809,9.220000267028809,288441,SALE
2015-09-17,9.18000030517578,9.40999984741211,9.074999809265137,9.220000267028809,9.220000267028809,425145,SALE
2015-09-18,9.079999923706056,9.149999618530272,8.84000015258789,9.020000457763672,9.020000457763672,813392,SALE
2015-09-21,9.100000381469728,9.239999771118164,8.890000343322754,8.989999771118164,8.989999771118164,364527,SALE
2015-09-22,8.9399995803833,9.0,8.640000343322754,8.720000267028809,8.720000267028809,490905,SALE
2015-09-23,8.710000038146973,8.930000305175781,8.529999732971191,8.65999984741211,8.65999984741211,479337,SALE
2015-09-24,8.600000381469727,8.850000381469727,8.569999694824219,8.75,8.75,390105,SALE
2015-09-25,8.84000015258789,8.89799976348877,8.319999694824219,8.329999923706055,8.329999923706055,413722,SALE
2015-09-28,8.289999961853027,8.460000038146973,8.180000305175781,8.359999656677246,8.359999656677246,923799,SALE
2015-09-29,8.350000381469727,8.5600004196167,8.230199813842773,8.289999961853027,8.289999961853027,340819,SALE
2015-09-30,8.369999885559082,8.425000190734863,8.029999732971191,8.239999771118164,8.239999771118164,424104,SALE
2015-10-01,8.289999961853027,8.380000114440918,7.980000019073486,8.220000267028809,8.220000267028809,440935,SALE
2015-10-02,8.170000076293945,8.720000267028809,8.15999984741211,8.699999809265137,8.699999809265137,468862,SALE
2015-10-05,8.770000457763672,9.144000053405762,8.729999542236328,9.079999923706056,9.079999923706056,430864,SALE
2015-10-06,9.109999656677246,9.649999618530272,9.109999656677246,9.579999923706056,9.579999923706056,503149,SALE
2015-10-07,9.630000114440918,9.989999771118164,9.579999923706056,9.970000267028809,9.970000267028809,628476,SALE
2015-10-08,9.920000076293944,9.970000267028809,9.220000267028809,9.399999618530272,9.399999618530272,877336,SALE
2015-10-09,8.600000381469727,9.25,8.5600004196167,9.020000457763672,9.020000457763672,628859,SALE
2015-10-12,8.949999809265137,8.977999687194824,8.5600004196167,8.720000267028809,8.720000267028809,441977,SALE
2015-10-13,8.65999984741211,9.279999732971191,8.640000343322754,9.0,9.0,371506,SALE
2015-10-14,9.010000228881836,9.270000457763672,8.930000305175781,9.140000343322754,9.140000343322754,393376,SALE
2015-10-15,9.15999984741211,9.399999618530272,9.0,9.350000381469728,9.350000381469728,412404,SALE
2015-10-16,9.390000343322754,9.4399995803833,9.079999923706056,9.31999969482422,9.31999969482422,303357,SALE
2015-10-19,9.289999961853027,9.4399995803833,9.140000343322754,9.25,9.25,159294,SALE
2015-10-20,9.279999732971191,9.699999809265137,9.149999618530272,9.359999656677246,9.359999656677246,252363,SALE
2015-10-21,9.390000343322754,9.449899673461914,9.199999809265137,9.270000457763672,9.270000457763672,317439,SALE
2015-10-22,9.279999732971191,9.6899995803833,9.220000267028809,9.420000076293944,9.420000076293944,289370,SALE
2015-10-23,9.470000267028809,9.579999923706056,9.279999732971191,9.5,9.5,346213,SALE
2015-10-26,9.4399995803833,9.520000457763672,9.010000228881836,9.039999961853027,9.039999961853027,559586,SALE
2015-10-27,9.039999961853027,9.15999984741211,8.649999618530273,8.710000038146973,8.710000038146973,534053,SALE
2015-10-28,8.710000038146973,9.130000114440918,8.619999885559082,9.119999885559082,9.119999885559082,387571,SALE
2015-10-29,9.100000381469728,9.25,8.920000076293945,8.930000305175781,8.930000305175781,183618,SALE
2015-10-30,8.949999809265137,9.09000015258789,8.649999618530273,8.789999961853027,8.789999961853027,539163,SALE
2015-11-02,8.760000228881836,9.050000190734863,8.420000076293945,8.770000457763672,8.770000457763672,1406360,SALE
2015-11-03,11.010000228881836,11.25,9.609999656677246,10.529999732971191,10.529999732971191,6887708,SALE
2015-11-04,10.609999656677246,11.149999618530272,10.5600004196167,10.619999885559082,10.619999885559082,1753640,SALE
2015-11-05,10.699999809265137,11.460000038146973,10.6899995803833,10.914999961853027,10.914999961853027,1307912,SALE
2015-11-06,10.93000030517578,11.011899948120115,10.720000267028809,10.890000343322754,10.890000343322754,814556,SALE
2015-11-09,10.880000114440918,10.970000267028809,10.539999961853027,10.649999618530272,10.649999618530272,782976,SALE
2015-11-10,10.670000076293944,11.06999969482422,10.5600004196167,10.850000381469728,10.850000381469728,896752,SALE
2015-11-11,10.90999984741211,11.06999969482422,10.260000228881836,10.279999732971191,10.279999732971191,727209,SALE
2015-11-12,10.18000030517578,10.859999656677246,10.100000381469728,10.25,10.25,846299,SALE
2015-11-13,9.0600004196167,9.6899995803833,8.84000015258789,8.989999771118164,8.989999771118164,3200992,SALE
2015-11-16,9.020000457763672,9.420000076293944,9.010000228881836,9.140000343322754,9.140000343322754,1848020,SALE
2015-11-17,9.100000381469728,9.260000228881836,8.920000076293945,9.010000228881836,9.010000228881836,1620551,SALE
2015-11-18,9.140000343322754,9.270000457763672,9.0,9.239999771118164,9.239999771118164,2521686,SALE
2015-11-19,9.229999542236328,9.229999542236328,8.90999984741211,9.0,9.0,1502307,SALE
2015-11-20,9.100000381469728,9.25,8.975000381469727,9.199999809265137,9.199999809265137,1951559,SALE
2015-11-23,9.199999809265137,9.220000267028809,8.920000076293945,9.079999923706056,9.079999923706056,1258867,SALE
2015-11-24,9.100000381469728,9.1899995803833,8.829999923706055,8.970000267028809,8.970000267028809,1460125,SALE
2015-11-25,9.0,9.239999771118164,8.989999771118164,9.210000038146973,9.210000038146973,1256180,SALE
2015-11-27,9.350000381469728,9.755000114440918,9.3100004196167,9.699999809265137,9.699999809265137,630470,SALE
2015-11-30,9.779999732971191,9.779999732971191,9.640000343322754,9.760000228881836,9.760000228881836,1262347,SALE
2015-12-01,9.800000190734863,10.21500015258789,9.739999771118164,10.140000343322754,10.140000343322754,961086,SALE
2015-12-02,10.09000015258789,10.3100004196167,9.949999809265137,10.149999618530272,10.149999618530272,917144,SALE
2015-12-03,10.149999618530272,10.18000030517578,9.699999809265137,9.739999771118164,9.739999771118164,532614,SALE
2015-12-04,9.81999969482422,10.100000381469728,9.56999969482422,10.0,10.0,797984,SALE
2015-12-07,10.050000190734863,10.079999923706056,9.8100004196167,9.81999969482422,9.81999969482422,682975,SALE
2015-12-08,9.6899995803833,10.0,9.56999969482422,9.979999542236328,9.979999542236328,412360,SALE
2015-12-09,9.949999809265137,10.25,9.850000381469728,10.0600004196167,10.0600004196167,442159,SALE
2015-12-10,10.039999961853027,10.300000190734863,9.949999809265137,10.279999732971191,10.279999732971191,432636,SALE
2015-12-11,10.18000030517578,10.279999732971191,9.90999984741211,9.90999984741211,9.90999984741211,718666,SALE
2015-12-14,9.9399995803833,9.989999771118164,9.279999732971191,9.729999542236328,9.729999542236328,646756,SALE
2015-12-15,9.81999969482422,10.28499984741211,9.760000228881836,10.15999984741211,10.15999984741211,497291,SALE
2015-12-16,9.725000381469728,10.300000190734863,9.725000381469728,10.229999542236328,10.229999542236328,561705,SALE
2015-12-17,10.289999961853027,10.359999656677246,10.06999969482422,10.119999885559082,10.119999885559082,382709,SALE
2015-12-18,10.100000381469728,10.3100004196167,9.869999885559082,9.960000038146973,9.960000038146973,1047160,SALE
2015-12-21,10.0,10.220000267028809,9.609999656677246,10.119999885559082,10.119999885559082,749068,SALE
2015-12-22,10.15999984741211,10.210000038146973,9.75,10.079999923706056,10.079999923706056,514535,SALE
2015-12-23,10.130000114440918,10.359999656677246,10.079999923706056,10.31999969482422,10.31999969482422,420209,SALE
2015-12-24,10.31999969482422,10.369999885559082,10.199999809265137,10.359999656677246,10.359999656677246,266915,SALE
2015-12-28,10.34000015258789,10.40999984741211,9.960000038146973,10.149999618530272,10.149999618530272,448942,SALE
2015-12-29,10.25,10.380000114440918,10.130000114440918,10.31999969482422,10.31999969482422,643271,SALE
2015-12-30,10.34000015258789,10.34000015258789,9.979999542236328,10.109999656677246,10.109999656677246,268830,SALE
2015-12-31,10.050000190734863,10.170000076293944,9.84000015258789,9.920000076293944,9.920000076293944,377566,SALE
2016-01-04,9.800000190734863,9.81999969482422,9.1899995803833,9.6899995803833,9.6899995803833,924765,SALE
2016-01-05,9.729999542236328,10.239999771118164,9.600000381469728,9.729999542236328,9.729999542236328,428115,SALE
2016-01-06,9.539999961853027,9.6899995803833,9.239999771118164,9.260000228881836,9.260000228881836,444041,SALE
2016-01-07,9.09000015258789,9.140000343322754,8.664999961853027,8.770000457763672,8.770000457763672,768289,SALE
2016-01-08,8.84000015258789,9.0600004196167,8.760000228881836,8.859999656677246,8.859999656677246,579631,SALE
2016-01-11,8.90999984741211,9.229999542236328,8.75,8.829999923706055,8.829999923706055,599824,SALE
2016-01-12,8.890000343322754,9.100000381469728,8.710000038146973,8.869999885559082,8.869999885559082,635686,SALE
2016-01-13,8.949999809265137,9.130000114440918,8.460000038146973,8.649999618530273,8.649999618530273,721971,SALE
2016-01-14,8.6899995803833,8.949999809265137,8.59000015258789,8.779999732971191,8.779999732971191,695061,SALE
2016-01-15,8.5,8.670000076293945,8.180000305175781,8.390000343322754,8.390000343322754,751735,SALE
2016-01-19,8.5,8.550000190734863,8.100000381469727,8.3100004196167,8.3100004196167,737545,SALE
2016-01-20,8.170000076293945,8.579999923706055,7.914999961853027,8.420000076293945,8.420000076293945,828713,SALE
2016-01-21,8.40999984741211,9.05500030517578,8.329999923706055,8.869999885559082,8.869999885559082,854461,SALE
2016-01-22,9.050000190734863,9.170000076293944,8.84000015258789,9.0,9.0,933651,SALE
2016-01-25,8.859999656677246,9.100000381469728,8.361000061035156,8.890000343322754,8.890000343322754,606672,SALE
2016-01-26,8.960000038146973,9.039999961853027,8.890000343322754,8.970000267028809,8.970000267028809,550478,SALE
2016-01-27,8.949999809265137,9.109999656677246,8.880000114440918,8.989999771118164,8.989999771118164,680316,SALE
2016-01-28,9.1899995803833,9.1899995803833,8.819999694824219,8.880000114440918,8.880000114440918,801044,SALE
2016-01-29,8.890000343322754,9.140000343322754,8.890000343322754,9.100000381469728,9.100000381469728,528857,SALE
2016-02-01,8.989999771118164,9.130000114440918,8.949999809265137,9.0600004196167,9.0600004196167,498783,SALE
2016-02-02,8.930000305175781,9.050000190734863,8.845000267028809,8.880000114440918,8.880000114440918,672435,SALE
2016-02-03,8.949999809265137,9.18000030517578,8.59000015258789,8.880000114440918,8.880000114440918,905715,SALE
2016-02-04,8.84000015258789,9.039999961853027,8.84000015258789,8.979999542236328,8.979999542236328,837051,SALE
2016-02-05,8.890000343322754,8.949999809265137,8.380000114440918,8.479999542236328,8.479999542236328,867071,SALE
2016-02-08,8.359999656677246,8.470000267028809,7.849999904632568,8.020000457763672,8.020000457763672,1050328,SALE
2016-02-09,7.699999809265137,7.699999809265137,5.519999980926514,5.809999942779541,5.809999942779541,5261744,SALE
2016-02-10,5.980000019073486,6.730000019073486,5.821000099182129,6.309999942779541,6.309999942779541,2555117,SALE
2016-02-11,6.130000114440918,6.610000133514404,6.130000114440918,6.53000020980835,6.53000020980835,1038024,SALE
2016-02-12,6.630000114440918,6.650000095367432,6.437399864196777,6.53000020980835,6.53000020980835,949237,SALE
2016-02-16,6.570000171661377,7.349999904632568,6.539999961853027,7.25,7.25,1288105,SALE
2016-02-17,7.320000171661377,7.650000095367432,7.167799949645996,7.494999885559082,7.494999885559082,990843,SALE
2016-02-18,7.510000228881836,7.510000228881836,7.190000057220459,7.429999828338623,7.429999828338623,816042,SALE
2016-02-19,7.400000095367432,7.599999904632568,7.289999961853027,7.449999809265137,7.449999809265137,1083878,SALE
2016-02-22,7.489999771118164,7.690000057220459,7.28000020980835,7.679999828338623,7.679999828338623,686923,SALE
2016-02-23,7.590000152587891,7.630000114440918,7.389999866485596,7.480000019073486,7.480000019073486,1036801,SALE
2016-02-24,7.380000114440918,7.760000228881836,7.144999980926514,7.670000076293945,7.670000076293945,881106,SALE
2016-02-25,7.670000076293945,7.739999771118164,7.420000076293945,7.690000057220459,7.690000057220459,456368,SALE
2016-02-26,7.730000019073486,7.913000106811523,7.559999942779541,7.880000114440918,7.880000114440918,351560,SALE
2016-02-29,7.849999904632568,8.130000114440918,7.659999847412109,8.079999923706055,8.079999923706055,656406,SALE
2016-03-01,8.119999885559082,8.149999618530273,7.679999828338623,7.869999885559082,7.869999885559082,588259,SALE
2016-03-02,7.880000114440918,8.220000267028809,7.840000152587891,8.1899995803833,8.1899995803833,493721,SALE
2016-03-03,8.1899995803833,8.369999885559082,8.130000114440918,8.34000015258789,8.34000015258789,381537,SALE
2016-03-04,8.380000114440918,8.630000114440918,8.220000267028809,8.270000457763672,8.270000457763672,504953,SALE
2016-03-07,8.210000038146973,8.5600004196167,7.880000114440918,8.399999618530273,8.399999618530273,522541,SALE
2016-03-08,8.319999694824219,8.329999923706055,7.889999866485596,7.949999809265137,7.949999809265137,323192,SALE
2016-03-09,8.0,8.149999618530273,7.840000152587891,8.130000114440918,8.130000114440918,390663,SALE
2016-03-10,8.170000076293945,8.180000305175781,7.699999809265137,7.769999980926514,7.769999980926514,307064,SALE
2016-03-11,7.869999885559082,8.210000038146973,7.800000190734863,8.199999809265137,8.199999809265137,334688,SALE
2016-03-14,8.149999618530273,8.3100004196167,7.920000076293945,7.980000019073486,7.980000019073486,379967,SALE
2016-03-15,7.980000019073486,7.980000019073486,7.519999980926514,7.539999961853027,7.539999961853027,283248,SALE
2016-03-16,7.5,7.599999904632568,7.329999923706055,7.519999980926514,7.519999980926514,332186,SALE
2016-03-17,7.539999961853027,7.820000171661377,7.519999980926514,7.769999980926514,7.769999980926514,451024,SALE
2016-03-18,7.809999942779541,8.020000457763672,7.570000171661377,8.010000228881836,8.010000228881836,808934,SALE
2016-03-21,8.010000228881836,8.079999923706055,7.929999828338623,7.960000038146973,7.960000038146973,339665,SALE
2016-03-22,7.880000114440918,8.010000228881836,7.730000019073486,7.900000095367432,7.900000095367432,199160,SALE
2016-03-23,7.840000152587891,7.989999771118164,7.460000038146973,7.460000038146973,7.460000038146973,297050,SALE
2016-03-24,7.389999866485596,7.650000095367432,7.28000020980835,7.639999866485596,7.639999866485596,235842,SALE
2016-03-28,7.639999866485596,7.739999771118164,7.369999885559082,7.489999771118164,7.489999771118164,365087,SALE
2016-03-29,7.440000057220459,7.889999866485596,7.309999942779541,7.769999980926514,7.769999980926514,368673,SALE
2016-03-30,7.809999942779541,7.96999979019165,7.739999771118164,7.800000190734863,7.800000190734863,291316,SALE
2016-03-31,7.78000020980835,8.0600004196167,7.679999828338623,8.010000228881836,8.010000228881836,743469,SALE
2016-04-01,7.940000057220459,7.940000057220459,7.505000114440918,7.760000228881836,7.760000228881836,360860,SALE
2016-04-04,7.710000038146973,7.78000020980835,7.510000228881836,7.710000038146973,7.710000038146973,375945,SALE
2016-04-05,7.639999866485596,7.690000057220459,7.519999980926514,7.610000133514404,7.610000133514404,265924,SALE
2016-04-06,7.610000133514404,7.860000133514404,7.539999961853027,7.760000228881836,7.760000228881836,194359,SALE
2016-04-07,7.699999809265137,7.730000019073486,7.460000038146973,7.5,7.5,214187,SALE
2016-04-08,8.3100004196167,8.539999961853027,8.1850004196167,8.510000228881836,8.510000228881836,674295,SALE
2016-04-11,8.510000228881836,8.510000228881836,7.809999942779541,7.840000152587891,7.840000152587891,551930,SALE
2016-04-12,7.880000114440918,8.140000343322754,7.860000133514404,7.980000019073486,7.980000019073486,484492,SALE
2016-04-13,8.050000190734863,8.399999618530273,8.010000228881836,8.34000015258789,8.34000015258789,571163,SALE
2016-04-14,8.369999885559082,8.5600004196167,8.34000015258789,8.420000076293945,8.420000076293945,201636,SALE
2016-04-15,8.369999885559082,8.510000228881836,8.229999542236328,8.40999984741211,8.40999984741211,279065,SALE
2016-04-18,8.420000076293945,8.600000381469727,8.329999923706055,8.460000038146973,8.460000038146973,353136,SALE
2016-04-19,8.5,8.640000343322754,8.420000076293945,8.510000228881836,8.510000228881836,305129,SALE
2016-04-20,8.539999961853027,8.75,8.517999649047852,8.670000076293945,8.670000076293945,167493,SALE
2016-04-21,8.6899995803833,8.829999923706055,8.604999542236328,8.670000076293945,8.670000076293945,473924,SALE
2016-04-22,8.680000305175781,8.788399696350098,8.5,8.619999885559082,8.619999885559082,223289,SALE
2016-04-25,8.579999923706055,8.630000114440918,8.395000457763672,8.470000267028809,8.470000267028809,252619,SALE
2016-04-26,8.529999732971191,8.720000267028809,8.369999885559082,8.59000015258789,8.59000015258789,351717,SALE
2016-04-27,8.569999694824219,8.654999732971191,8.375,8.510000228881836,8.510000228881836,481503,SALE
2016-04-28,8.489999771118164,8.75,8.489999771118164,8.579999923706055,8.579999923706055,430439,SALE
2016-04-29,8.510000228881836,8.680000305175781,8.3100004196167,8.430000305175781,8.430000305175781,214431,SALE
2016-05-02,8.4399995803833,8.539999961853027,8.229999542236328,8.5,8.5,397430,SALE
2016-05-03,8.050000190734863,8.399900436401367,7.435299873352051,7.639999866485596,7.639999866485596,1091238,SALE
2016-05-04,7.559999942779541,7.820000171661377,7.5,7.78000020980835,7.78000020980835,410429,SALE
2016-05-05,7.829999923706055,7.877999782562256,7.300000190734863,7.309999942779541,7.309999942779541,414578,SALE
2016-05-06,7.289999961853027,7.425000190734863,7.179999828338623,7.269999980926514,7.269999980926514,319488,SALE
2016-05-09,7.300000190734863,7.309999942779541,7.081999778747559,7.099999904632568,7.099999904632568,265304,SALE
2016-05-10,7.150000095367432,7.550000190734863,7.050000190734863,7.5,7.5,488498,SALE
2016-05-11,7.460000038146973,7.53000020980835,7.269999980926514,7.28000020980835,7.28000020980835,165580,SALE
2016-05-12,7.300000190734863,7.46999979019165,6.960000038146973,7.03000020980835,7.03000020980835,246283,SALE
2016-05-13,7.03000020980835,7.199999809265137,7.0,7.070000171661377,7.070000171661377,185392,SALE
2016-05-16,7.070000171661377,7.239999771118164,6.929999828338623,7.03000020980835,7.03000020980835,295184,SALE
2016-05-17,7.010000228881836,7.179999828338623,6.989999771118164,6.989999771118164,6.989999771118164,448203,SALE
2016-05-18,6.96999979019165,7.119999885559082,6.860000133514404,6.940000057220459,6.940000057220459,484356,SALE
2016-05-19,6.900000095367432,7.090000152587891,6.690000057220459,6.829999923706055,6.829999923706055,366422,SALE
2016-05-20,6.849999904632568,7.179999828338623,6.840000152587891,7.099999904632568,7.099999904632568,275637,SALE
2016-05-23,7.079999923706055,7.199999809265137,6.960000038146973,6.960000038146973,6.960000038146973,192064,SALE
2016-05-24,7.039999961853027,7.300000190734863,7.019999980926514,7.230000019073486,7.230000019073486,218671,SALE
2016-05-25,7.230000019073486,7.260000228881836,7.019999980926514,7.050000190734863,7.050000190734863,552941,SALE
2016-05-26,7.050000190734863,7.199999809265137,7.050000190734863,7.090000152587891,7.090000152587891,267966,SALE
2016-05-27,7.090000152587891,7.329999923706055,7.010000228881836,7.239999771118164,7.239999771118164,275602,SALE
2016-05-31,7.239999771118164,7.315000057220459,7.050000190734863,7.21999979019165,7.21999979019165,297534,SALE
2016-06-01,7.190000057220459,7.369999885559082,7.130000114440918,7.300000190734863,7.300000190734863,432352,SALE
2016-06-02,7.260000228881836,7.340000152587891,7.150000095367432,7.300000190734863,7.300000190734863,339950,SALE
2016-06-03,7.269999980926514,7.329999923706055,7.010000228881836,7.159999847412109,7.159999847412109,354112,SALE
2016-06-06,7.159999847412109,7.420000076293945,7.159999847412109,7.349999904632568,7.349999904632568,356492,SALE
2016-06-07,7.349999904632568,7.440000057220459,7.260000228881836,7.340000152587891,7.340000152587891,242476,SALE
2016-06-08,7.329999923706055,7.460000038146973,7.289999961853027,7.369999885559082,7.369999885559082,253597,SALE
2016-06-09,7.329999923706055,7.380000114440918,7.21999979019165,7.21999979019165,7.21999979019165,238711,SALE
2016-06-10,7.150000095367432,7.150000095367432,7.010000228881836,7.03000020980835,7.03000020980835,300771,SALE
2016-06-13,7.0,7.110000133514404,6.829999923706055,7.0,7.0,273738,SALE
2016-06-14,6.980000019073486,7.329999923706055,6.920000076293945,7.300000190734863,7.300000190734863,469200,SALE
2016-06-15,7.309999942779541,7.525000095367432,7.250100135803223,7.409999847412109,7.409999847412109,359299,SALE
2016-06-16,7.340000152587891,7.53000020980835,7.039999961853027,7.300000190734863,7.300000190734863,221533,SALE
2016-06-17,7.320000171661377,7.5,7.21999979019165,7.489999771118164,7.489999771118164,481688,SALE
2016-06-20,7.599999904632568,7.730000019073486,7.460000038146973,7.510000228881836,7.510000228881836,329061,SALE
2016-06-21,7.53000020980835,7.739999771118164,7.300000190734863,7.699999809265137,7.699999809265137,412443,SALE
2016-06-22,7.699999809265137,7.860000133514404,7.590000152587891,7.619999885559082,7.619999885559082,280575,SALE
2016-06-23,7.690000057220459,7.929999828338623,7.539999961853027,7.929999828338623,7.929999828338623,341336,SALE
2016-06-24,7.480000019073486,7.650000095367432,7.360000133514404,7.619999885559082,7.619999885559082,970145,SALE
2016-06-27,7.46999979019165,7.46999979019165,6.869999885559082,6.929999828338623,6.929999828338623,368184,SALE
2016-06-28,7.019999980926514,7.239999771118164,6.940000057220459,7.130000114440918,7.130000114440918,449758,SALE
2016-06-29,7.25,7.5,7.21999979019165,7.420000076293945,7.420000076293945,281599,SALE
2016-06-30,7.449999809265137,7.71999979019165,7.394999980926514,7.710000038146973,7.710000038146973,358281,SALE
2016-07-01,7.739999771118164,7.929999828338623,7.739999771118164,7.78000020980835,7.78000020980835,290358,SALE
2016-07-05,7.699999809265137,7.730000019073486,7.420000076293945,7.489999771118164,7.489999771118164,201008,SALE
2016-07-06,7.46999979019165,7.724999904632568,7.300000190734863,7.639999866485596,7.639999866485596,295140,SALE
2016-07-07,7.650000095367432,7.920000076293945,7.429999828338623,7.760000228881836,7.760000228881836,218766,SALE
2016-07-08,7.880000114440918,8.15999984741211,7.869999885559082,8.109999656677246,8.109999656677246,371668,SALE
2016-07-11,8.140000343322754,8.34000015258789,7.940000057220459,8.34000015258789,8.34000015258789,485885,SALE
2016-07-12,8.420000076293945,8.510100364685059,8.329999923706055,8.329999923706055,8.329999923706055,337605,SALE
2016-07-13,8.359999656677246,8.359999656677246,8.109999656677246,8.149999618530273,8.149999618530273,236947,SALE
2016-07-14,8.270000457763672,8.489999771118164,8.140000343322754,8.260000228881836,8.260000228881836,172058,SALE
2016-07-15,8.329999923706055,8.329999923706055,8.050000190734863,8.149999618530273,8.149999618530273,188011,SALE
2016-07-18,8.140000343322754,8.265000343322754,8.079999923706055,8.210000038146973,8.210000038146973,178966,SALE
2016-07-19,8.199999809265137,8.350000381469727,8.100000381469727,8.300000190734863,8.300000190734863,326709,SALE
2016-07-20,8.319999694824219,8.390000343322754,8.1899995803833,8.350000381469727,8.350000381469727,298234,SALE
2016-07-21,8.350000381469727,8.529999732971191,8.25,8.390000343322754,8.390000343322754,386224,SALE
2016-07-22,8.359999656677246,8.359999656677246,7.400000095367432,8.210000038146973,8.210000038146973,92417,SALE
2016-07-25,8.220000267028809,8.600000381469727,8.109999656677246,8.529999732971191,8.529999732971191,237519,SALE
2016-07-26,8.529999732971191,8.600000381469727,8.399999618530273,8.460000038146973,8.460000038146973,170339,SALE
2016-07-27,8.449999809265137,8.529999732971191,8.329999923706055,8.420000076293945,8.420000076293945,201428,SALE
2016-07-28,8.4399995803833,8.479999542236328,8.260000228881836,8.3100004196167,8.3100004196167,188592,SALE
2016-07-29,8.3100004196167,8.460000038146973,7.445000171661377,8.350000381469727,8.350000381469727,237369,SALE
2016-08-01,8.350000381469727,8.479999542236328,7.744999885559082,8.460000038146973,8.460000038146973,255442,SALE
2016-08-02,9.460000038146973,10.189000129699709,9.270000457763672,9.859999656677246,9.859999656677246,1152126,SALE
2016-08-03,9.960000038146973,10.269000053405762,9.779999732971191,10.100000381469728,10.100000381469728,518141,SALE
2016-08-04,10.09000015258789,10.170000076293944,9.960000038146973,10.0600004196167,10.0600004196167,175537,SALE
2016-08-05,10.130000114440918,10.220000267028809,9.648500442504885,10.170000076293944,10.170000076293944,330982,SALE
2016-08-08,9.970000267028809,10.489999771118164,9.75,10.479999542236328,10.479999542236328,481131,SALE
2016-08-09,10.5,10.69499969482422,10.40999984741211,10.600000381469728,10.600000381469728,472448,SALE
2016-08-10,10.579999923706056,10.93000030517578,10.579999923706056,10.920000076293944,10.920000076293944,409305,SALE
2016-08-11,10.93000030517578,11.199999809265137,10.90999984741211,11.18000030517578,11.18000030517578,336001,SALE
2016-08-12,11.15999984741211,11.489999771118164,10.873000144958496,11.449999809265137,11.449999809265137,395718,SALE
2016-08-15,11.460000038146973,11.789999961853027,11.399999618530272,11.75,11.75,399675,SALE
2016-08-16,11.649999618530272,12.0,11.51010036468506,11.729999542236328,11.729999542236328,395477,SALE
2016-08-17,11.739999771118164,12.149999618530272,11.59000015258789,12.140000343322754,12.140000343322754,571871,SALE
2016-08-18,12.119999885559082,12.800000190734863,12.0,12.789999961853027,12.789999961853027,753203,SALE
2016-08-19,12.789999961853027,12.93000030517578,11.699999809265137,11.970000267028809,11.970000267028809,697972,SALE
2016-08-22,11.9399995803833,11.9399995803833,11.34000015258789,11.510000228881836,11.510000228881836,440565,SALE
2016-08-23,11.510000228881836,11.949999809265137,11.510000228881836,11.670000076293944,11.670000076293944,285769,SALE
2016-08-24,11.65999984741211,11.739999771118164,11.43000030517578,11.5,11.5,247786,SALE
2016-08-25,11.600000381469728,11.899999618530272,11.520000457763672,11.619999885559082,11.619999885559082,384812,SALE
2016-08-26,11.68000030517578,11.739999771118164,11.350000381469728,11.40999984741211,11.40999984741211,433090,SALE
2016-08-29,11.380000114440918,11.5,11.329999923706056,11.460000038146973,11.460000038146973,317002,SALE
2016-08-30,11.460000038146973,11.620400428771973,11.25,11.380000114440918,11.380000114440918,275857,SALE
2016-08-31,11.390000343322754,11.720000267028809,11.279999732971191,11.3100004196167,11.3100004196167,300357,SALE
2016-09-01,11.279999732971191,11.470000267028809,11.279999732971191,11.40999984741211,11.40999984741211,209560,SALE
2016-09-02,11.489999771118164,11.59000015258789,11.369999885559082,11.489999771118164,11.489999771118164,148540,SALE
2016-09-06,11.5,11.699999809265137,11.380000114440918,11.6899995803833,11.6899995803833,308178,SALE
2016-09-07,11.6899995803833,12.0,11.6899995803833,11.899999618530272,11.899999618530272,317662,SALE
2016-09-08,11.90999984741211,12.0,11.779999732971191,11.880000114440918,11.880000114440918,180884,SALE
2016-09-09,11.699999809265137,11.880000114440918,11.479999542236328,11.489999771118164,11.489999771118164,145670,SALE
2016-09-12,10.5600004196167,10.779999732971191,10.280099868774414,10.699999809265137,10.699999809265137,717848,SALE
2016-09-13,10.710000038146973,10.869999885559082,10.600000381469728,10.75,10.75,340526,SALE
2016-09-14,10.710000038146973,10.914999961853027,10.649999618530272,10.729999542236328,10.729999542236328,294909,SALE
2016-09-15,10.710000038146973,11.0,10.710000038146973,10.984999656677246,10.984999656677246,172377,SALE
2016-09-16,10.989999771118164,11.199999809265137,10.970000267028809,11.079999923706056,11.079999923706056,321879,SALE
2016-09-19,11.149999618530272,11.359999656677246,10.970000267028809,10.989999771118164,10.989999771118164,162418,SALE
2016-09-20,11.109999656677246,11.210000038146973,10.960000038146973,10.979999542236328,10.979999542236328,153505,SALE
2016-09-21,11.029999732971191,11.100000381469728,10.93000030517578,11.050000190734863,11.050000190734863,224918,SALE
2016-09-22,11.119999885559082,11.59000015258789,11.119999885559082,11.40999984741211,11.40999984741211,218399,SALE
2016-09-23,11.390000343322754,11.449999809265137,11.199999809265137,11.270000457763672,11.270000457763672,198868,SALE
2016-09-26,9.56999969482422,9.99810028076172,8.670000076293945,8.920000076293945,8.920000076293945,1403918,SALE
2016-09-27,8.920000076293945,9.380000114440918,8.920000076293945,9.300000190734863,9.300000190734863,540418,SALE
2016-09-28,9.350000381469728,9.829999923706056,9.140000343322754,9.829999923706056,9.829999923706056,428652,SALE
2016-09-29,9.800000190734863,9.979999542236328,9.6899995803833,9.729999542236328,9.729999542236328,461490,SALE
2016-09-30,9.75,9.960000038146973,9.579999923706056,9.890000343322754,9.890000343322754,531294,SALE
2016-10-03,9.890000343322754,10.119999885559082,9.710000038146973,10.0600004196167,10.0600004196167,628256,SALE
2016-10-04,10.050000190734863,10.199999809265137,9.75,9.880000114440918,9.880000114440918,450917,SALE
2016-10-05,9.9399995803833,10.039999961853027,9.760000228881836,9.770000457763672,9.770000457763672,328717,SALE
2016-10-06,9.789999961853027,9.789999961853027,9.539999961853027,9.56999969482422,9.56999969482422,428912,SALE
2016-10-07,9.609999656677246,9.699999809265137,9.380000114440918,9.399999618530272,9.399999618530272,229065,SALE
2016-10-10,9.510000228881836,9.710000038146973,9.460000038146973,9.550000190734863,9.550000190734863,230943,SALE
2016-10-11,9.550000190734863,9.550000190734863,9.279999732971191,9.289999961853027,9.289999961853027,154182,SALE
2016-10-12,9.329999923706056,9.65999984741211,9.289999961853027,9.59000015258789,9.59000015258789,171129,SALE
2016-10-13,9.539999961853027,9.68000030517578,9.399999618530272,9.489999771118164,9.489999771118164,172794,SALE
2016-10-14,9.56999969482422,9.770000457763672,9.479999542236328,9.579999923706056,9.579999923706056,141936,SALE
2016-10-17,9.600000381469728,10.100000381469728,9.550000190734863,9.800000190734863,9.800000190734863,272544,SALE
2016-10-18,9.850000381469728,10.050000190734863,9.850000381469728,9.899999618530272,9.899999618530272,168237,SALE
2016-10-19,9.949999809265137,10.050000190734863,9.850000381469728,10.0,10.0,147652,SALE
2016-10-20,9.899999618530272,10.0,9.75,9.800000190734863,9.800000190734863,122706,SALE
2016-10-21,9.699999809265137,9.899999618530272,9.600000381469728,9.899999618530272,9.899999618530272,196985,SALE
2016-10-24,9.899999618530272,10.0,9.850000381469728,9.899999618530272,9.899999618530272,159099,SALE
2016-10-25,9.850000381469728,9.899999618530272,9.699999809265137,9.75,9.75,167299,SALE
2016-10-26,9.75,9.800000190734863,9.300000190734863,9.350000381469728,9.350000381469728,189294,SALE
2016-10-27,9.399999618530272,9.649999618530272,8.550000190734863,8.850000381469727,8.850000381469727,789500,SALE
2016-10-28,8.899999618530273,9.350000381469728,8.899999618530273,9.149999618530272,9.149999618530272,372384,SALE
2016-10-31,9.25,9.350000381469728,8.949999809265137,9.050000190734863,9.050000190734863,613907,SALE
2016-11-01,8.25,10.149999618530272,8.25,9.600000381469728,9.600000381469728,1384760,SALE
2016-11-02,9.5,9.649999618530272,8.050000190734863,8.399999618530273,8.399999618530273,662884,SALE
2016-11-03,8.300000190734863,8.449999809265137,8.175000190734863,8.350000381469727,8.350000381469727,331725,SALE
2016-11-04,8.350000381469727,8.899999618530273,8.350000381469727,8.550000190734863,8.550000190734863,517348,SALE
2016-11-07,8.649999618530273,9.0,8.5,8.649999618530273,8.649999618530273,353041,SALE
2016-11-08,8.600000381469727,8.850000381469727,8.550000190734863,8.600000381469727,8.600000381469727,293827,SALE
2016-11-09,8.449999809265137,8.899999618530273,8.399999618530273,8.899999618530273,8.899999618530273,317097,SALE
2016-11-10,9.0,9.225000381469728,8.800000190734863,8.899999618530273,8.899999618530273,475667,SALE
2016-11-11,8.949999809265137,9.449999809265137,8.899999618530273,9.399999618530272,9.399999618530272,461061,SALE
2016-11-14,9.5,9.725000381469728,9.399999618530272,9.5,9.5,323495,SALE
2016-11-15,9.550000190734863,10.0,9.5,9.600000381469728,9.600000381469728,425217,SALE
2016-11-16,9.649999618530272,9.850000381469728,9.425000190734863,9.600000381469728,9.600000381469728,469355,SALE
2016-11-17,9.550000190734863,9.699999809265137,9.25,9.350000381469728,9.350000381469728,406677,SALE
2016-11-18,9.399999618530272,9.75,8.813799858093262,9.5,9.5,414711,SALE
2016-11-21,9.449999809265137,9.699999809265137,8.899999618530273,9.399999618530272,9.399999618530272,551690,SALE
2016-11-22,9.5,9.600000381469728,9.25,9.300000190734863,9.300000190734863,209606,SALE
2016-11-23,9.350000381469728,9.449999809265137,8.863900184631348,9.25,9.25,214734,SALE
2016-11-25,9.300000190734863,9.550000190734863,9.300000190734863,9.399999618530272,9.399999618530272,150876,SALE
2016-11-28,9.350000381469728,9.449999809265137,9.149999618530272,9.199999809265137,9.199999809265137,529777,SALE
2016-11-29,9.300000190734863,9.649999618530272,9.199999809265137,9.25,9.25,395648,SALE
2016-11-30,9.350000381469728,9.550000190734863,9.149999618530272,9.199999809265137,9.199999809265137,267296,SALE
2016-12-01,9.300000190734863,9.399999618530272,8.850000381469727,8.949999809265137,8.949999809265137,287717,SALE
2016-12-02,8.899999618530273,9.149999618530272,8.850000381469727,8.899999618530273,8.899999618530273,362949,SALE
2016-12-05,8.949999809265137,9.350000381469728,8.949999809265137,9.149999618530272,9.149999618530272,486493,SALE
2016-12-06,9.199999809265137,9.399999618530272,9.149999618530272,9.149999618530272,9.149999618530272,445011,SALE
2016-12-07,9.199999809265137,9.574999809265137,9.199999809265137,9.350000381469728,9.350000381469728,324091,SALE
2016-12-08,9.399999618530272,9.675000190734863,9.300000190734863,9.550000190734863,9.550000190734863,262199,SALE
2016-12-09,9.550000190734863,9.899999618530272,9.449999809265137,9.600000381469728,9.600000381469728,208926,SALE
2016-12-12,9.550000190734863,9.649999618530272,9.25,9.350000381469728,9.350000381469728,253770,SALE
2016-12-13,9.399999618530272,9.600000381469728,9.350000381469728,9.5,9.5,171024,SALE
2016-12-14,9.449999809265137,9.75,9.300000190734863,9.300000190734863,9.300000190734863,235611,SALE
2016-12-15,9.350000381469728,9.75,9.199999809265137,9.600000381469728,9.600000381469728,213338,SALE
2016-12-16,9.649999618530272,9.949999809265137,9.550000190734863,9.899999618530272,9.899999618530272,410616,SALE
2016-12-19,9.800000190734863,10.0,9.600000381469728,9.699999809265137,9.699999809265137,293995,SALE
2016-12-20,9.649999618530272,9.899999618530272,9.600000381469728,9.800000190734863,9.800000190734863,161759,SALE
2016-12-21,9.75,9.850000381469728,9.5,9.550000190734863,9.550000190734863,229477,SALE
2016-12-22,9.600000381469728,9.600000381469728,9.050000190734863,9.149999618530272,9.149999618530272,232938,SALE
2016-12-23,9.199999809265137,9.399999618530272,9.199999809265137,9.300000190734863,9.300000190734863,104439,SALE
2016-12-27,9.25,9.5,9.25,9.300000190734863,9.300000190734863,127028,SALE
2016-12-28,9.49250030517578,9.5,9.050000190734863,9.100000381469728,9.100000381469728,200221,SALE
2016-12-29,9.100000381469728,9.375,9.100000381469728,9.199999809265137,9.199999809265137,148440,SALE
2016-12-30,9.199999809265137,9.399999618530272,9.100000381469728,9.300000190734863,9.300000190734863,137118,SALE
2017-01-03,9.399999618530272,9.449999809265137,9.050000190734863,9.300000190734863,9.300000190734863,244379,SALE
2017-01-04,9.300000190734863,9.600000381469728,9.300000190734863,9.5,9.5,155568,SALE
2017-01-05,9.449999809265137,9.800000190734863,9.399999618530272,9.75,9.75,169986,SALE
2017-01-06,9.800000190734863,9.850000381469728,9.149999618530272,9.350000381469728,9.350000381469728,150896,SALE
2017-01-09,9.300000190734863,9.449999809265137,9.149999618530272,9.199999809265137,9.199999809265137,115869,SALE
2017-01-10,9.199999809265137,9.699999809265137,9.199999809265137,9.5,9.5,270911,SALE
2017-01-11,9.199999809265137,9.199999809265137,8.550000190734863,8.899999618530273,8.899999618530273,476129,SALE
2017-01-12,8.850000381469727,8.899999618530273,8.550000190734863,8.850000381469727,8.850000381469727,131802,SALE
2017-01-13,8.949999809265137,9.100000381469728,8.649999618530273,9.050000190734863,9.050000190734863,125242,SALE
2017-01-17,8.949999809265137,9.0,8.449999809265137,8.550000190734863,8.550000190734863,572833,SALE
2017-01-18,8.649999618530273,8.949999809265137,8.5,8.800000190734863,8.800000190734863,504676,SALE
2017-01-19,8.850000381469727,8.899999618530273,8.649999618530273,8.850000381469727,8.850000381469727,326891,SALE
2017-01-20,8.850000381469727,9.074999809265137,8.699999809265137,8.899999618530273,8.899999618530273,341825,SALE
2017-01-23,8.899999618530273,9.100000381469728,8.800000190734863,9.0,9.0,331407,SALE
2017-01-24,9.0,9.199999809265137,8.800000190734863,9.100000381469728,9.100000381469728,687751,SALE
2017-01-25,9.149999618530272,9.25,9.0,9.199999809265137,9.199999809265137,307331,SALE
2017-01-26,9.149999618530272,9.300000190734863,8.899999618530273,9.149999618530272,9.149999618530272,360529,SALE
2017-01-27,9.100000381469728,9.25,8.899999618530273,9.149999618530272,9.149999618530272,494782,SALE
2017-01-30,9.100000381469728,9.149999618530272,8.850000381469727,9.0,9.0,191185,SALE
2017-01-31,8.899999618530273,9.149999618530272,8.800000190734863,9.050000190734863,9.050000190734863,543717,SALE
2017-02-01,9.050000190734863,9.300000190734863,8.949999809265137,9.050000190734863,9.050000190734863,282852,SALE
2017-02-02,9.0,9.199999809265137,8.850000381469727,9.050000190734863,9.050000190734863,284585,SALE
2017-02-03,9.100000381469728,9.25,8.949999809265137,9.149999618530272,9.149999618530272,211906,SALE
2017-02-06,9.100000381469728,9.100000381469728,8.699999809265137,8.75,8.75,262215,SALE
2017-02-07,8.800000190734863,9.074999809265137,8.75,8.75,8.75,408711,SALE
2017-02-08,8.699999809265137,8.949999809265137,8.350000381469727,8.600000381469727,8.600000381469727,466864,SALE
2017-02-09,8.550000190734863,8.800000190734863,8.550000190734863,8.699999809265137,8.699999809265137,377405,SALE
2017-02-10,8.699999809265137,8.949999809265137,8.699999809265137,8.800000190734863,8.800000190734863,456063,SALE
2017-02-13,8.800000190734863,9.0,8.75,8.949999809265137,8.949999809265137,397851,SALE
2017-02-14,10.600000381469728,11.149999618530272,10.255000114440918,10.350000381469728,10.350000381469728,1428909,SALE
2017-02-15,10.350000381469728,10.5,9.100000381469728,9.25,9.25,1259289,SALE
2017-02-16,9.149999618530272,9.449999809265137,9.149999618530272,9.300000190734863,9.300000190734863,320001,SALE
2017-02-17,9.199999809265137,9.199999809265137,8.899999618530273,9.050000190734863,9.050000190734863,533628,SALE
2017-02-21,9.0,9.300000190734863,8.850000381469727,9.25,9.25,492097,SALE
2017-02-22,9.199999809265137,9.399999618530272,9.149999618530272,9.25,9.25,362842,SALE
2017-02-23,9.300000190734863,9.300000190734863,9.0,9.100000381469728,9.100000381469728,204480,SALE
2017-02-24,9.0,9.225000381469728,8.949999809265137,9.149999618530272,9.149999618530272,210984,SALE
2017-02-27,9.050000190734863,9.300000190734863,9.050000190734863,9.149999618530272,9.149999618530272,293217,SALE
2017-02-28,9.149999618530272,9.199999809265137,8.850000381469727,8.949999809265137,8.949999809265137,393572,SALE
2017-03-01,9.050000190734863,9.25,8.949999809265137,9.050000190734863,9.050000190734863,273114,SALE
2017-03-02,9.050000190734863,9.100000381469728,8.899999618530273,9.0,9.0,147206,SALE
2017-03-03,9.0,9.024999618530272,8.649999618530273,8.75,8.75,254379,SALE
2017-03-06,8.699999809265137,8.75,8.475000381469727,8.550000190734863,8.550000190734863,253355,SALE
2017-03-07,8.550000190734863,8.649999618530273,8.399999618530273,8.550000190734863,8.550000190734863,182183,SALE
2017-03-08,8.600000381469727,8.75,8.5,8.600000381469727,8.600000381469727,196178,SALE
2017-03-09,8.649999618530273,8.699999809265137,8.449999809265137,8.600000381469727,8.600000381469727,119607,SALE
2017-03-10,8.649999618530273,8.649999618530273,8.375,8.399999618530273,8.399999618530273,129831,SALE
2017-03-13,8.449999809265137,8.5,8.324999809265137,8.399999618530273,8.399999618530273,160729,SALE
2017-03-14,8.350000381469727,8.350000381469727,8.100000381469727,8.25,8.25,176280,SALE
2017-03-15,8.25,8.449999809265137,8.149999618530273,8.350000381469727,8.350000381469727,235725,SALE
2017-03-16,8.199999809265137,8.425000190734863,8.199999809265137,8.300000190734863,8.300000190734863,184611,SALE
2017-03-17,8.25,8.350000381469727,7.949999809265137,8.25,8.25,382551,SALE
2017-03-20,8.25,8.5,7.949999809265137,8.300000190734863,8.300000190734863,293420,SALE
2017-03-21,8.25,8.350000381469727,7.949999809265137,7.949999809265137,7.949999809265137,303000,SALE
2017-03-22,7.949999809265137,8.0,7.650000095367432,7.849999904632568,7.849999904632568,382881,SALE
2017-03-23,7.849999904632568,8.125,7.650000095367432,8.0,8.0,339804,SALE
2017-03-24,8.0,8.199999809265137,7.900000095367432,7.949999809265137,7.949999809265137,139780,SALE
2017-03-27,7.949999809265137,8.050000190734863,7.800000190734863,8.0,8.0,175251,SALE
2017-03-28,7.900000095367432,8.050000190734863,7.849999904632568,7.949999809265137,7.949999809265137,181944,SALE
2017-03-29,7.900000095367432,8.149999618530273,7.875,8.100000381469727,8.100000381469727,123182,SALE
2017-03-30,8.050000190734863,8.204999923706055,8.050000190734863,8.199999809265137,8.199999809265137,139984,SALE
2017-03-31,8.199999809265137,8.25,8.0,8.100000381469727,8.100000381469727,360407,SALE
2017-04-03,8.100000381469727,8.149999618530273,7.650000095367432,7.949999809265137,7.949999809265137,243509,SALE
2017-04-04,7.900000095367432,8.050000190734863,7.75,7.800000190734863,7.800000190734863,155187,SALE
2017-04-05,7.849999904632568,8.024999618530273,7.599999904632568,7.699999809265137,7.699999809265137,289369,SALE
2017-04-06,7.75,7.800000190734863,7.599999904632568,7.699999809265137,7.699999809265137,322824,SALE
2017-04-07,7.699999809265137,7.949999809265137,7.599999904632568,7.75,7.75,357996,SALE
2017-04-10,7.800000190734863,7.900000095367432,7.650000095367432,7.75,7.75,353650,SALE
2017-04-11,11.600000381469728,11.600000381469728,11.5,11.5,11.5,12356197,SALE
2017-04-12,11.550000190734863,11.600000381469728,11.550000190734863,11.550000190734863,11.550000190734863,1934935,SALE
2017-04-13,11.550000190734863,11.600000381469728,11.550000190734863,11.550000190734863,11.550000190734863,1061339,SALE
2017-04-17,11.550000190734863,11.593799591064451,11.5,11.5,11.5,863123,SALE
2017-04-18,11.5,11.550000190734863,11.5,11.5,11.5,1154448,SALE
2017-04-19,11.5,11.550000190734863,11.5,11.5,11.5,2932522,SALE
2017-04-20,11.5,11.550000190734863,11.5,11.5,11.5,810435,SALE
2017-04-21,11.5,11.550000190734863,11.5,11.5,11.5,1171358,SALE
2017-04-24,11.550000190734863,11.550000190734863,11.5,11.550000190734863,11.550000190734863,509110,SALE
2017-04-25,11.550000190734863,11.550000190734863,11.5,11.524999618530272,11.524999618530272,891783,SALE
2017-04-26,11.524999618530272,11.600000381469728,11.5,11.550000190734863,11.550000190734863,1112066,SALE
2017-04-27,11.574999809265137,11.600000381469728,11.550000190734863,11.600000381469728,11.600000381469728,611508,SALE
2017-04-28,11.600000381469728,11.675000190734863,11.550000190734863,11.600000381469728,11.600000381469728,1692746,SALE
2017-05-01,11.600000381469728,11.649999618530272,11.550000190734863,11.574999809265137,11.574999809265137,343507,SALE
2017-05-02,11.600000381469728,11.649999618530272,11.550000190734863,11.600000381469728,11.600000381469728,946948,SALE
2017-05-03,11.600000381469728,11.600000381469728,11.550000190734863,11.600000381469728,11.600000381469728,589336,SALE
2017-05-04,11.600000381469728,11.600000381469728,11.550000190734863,11.574999809265137,11.574999809265137,477753,SALE
2017-05-05,11.550000190734863,11.600000381469728,11.550000190734863,11.550000190734863,11.550000190734863,414192,SALE
2017-05-08,11.574999809265137,11.600000381469728,11.550000190734863,11.600000381469728,11.600000381469728,359668,SALE
2017-05-09,11.550000190734863,11.600000381469728,11.550000190734863,11.600000381469728,11.600000381469728,340192,SALE
2017-05-10,11.550000190734863,11.600000381469728,11.550000190734863,11.600000381469728,11.600000381469728,411289,SALE
2017-05-11,11.550000190734863,11.600000381469728,11.550000190734863,11.600000381469728,11.600000381469728,689534,SALE
2017-05-12,11.574999809265137,11.600000381469728,11.550000190734863,11.574999809265137,11.574999809265137,695020,SALE
2017-05-15,11.550000190734863,11.600000381469728,11.550000190734863,11.550000190734863,11.550000190734863,1606561,SALE
2017-05-16,11.574999809265137,11.600000381469728,11.550000190734863,11.574999809265137,11.574999809265137,564444,SALE
2017-05-17,11.550000190734863,11.600000381469728,11.550000190734863,11.550000190734863,11.550000190734863,497569,SALE
2017-05-18,11.600000381469728,11.600000381469728,11.550000190734863,11.600000381469728,11.600000381469728,618344,SALE
2017-05-19,11.574999809265137,11.600000381469728,11.550000190734863,11.574999809265137,11.574999809265137,771180,SALE
2017-05-22,11.550000190734863,11.600000381469728,11.550000190734863,11.574999809265137,11.574999809265137,325318,SALE
2017-05-23,11.574999809265137,11.574999809265137,11.574999809265137,11.574999809265137,11.574999809265137,0,SALE
